996
1005
1020
1039
1039
1039
1047
1050
1050
1055
1055
1056
1062
1065
1065
1070
1075
1077
1080
1092
1100
1100
1100
1105
1115
1115
1120
1120
1122
1122
1122
1130
1130
1132
1138
1138
1140
1140
1140
1142
1145
1145
1145
1148
1148
1152
1153
1153
1153
1153
1155
1156
1160
1162
1163
1165
1165
1168
1175
1175
1180
1180
1180
1183
1183
1185
1185
1188
1189
1190
1190
1190
1193
1194
1195
1195
1195
1195
1198
1200
1200
1200
1203
1206
1207
1210
1215
1215
1225
1225
1226
1228
1230
1230
1230
1230
1230
1235
1235
1235
1235
1235
1236
1240
1240
1240
1243
1245
1250
1250
1251
1251
1257
1257
1259
1260
1260
1260
1260
1260
1262
1266
1266
1267
1269
1270
1272
1273
1274
1274
1275
1279
1280
1280
1280
1280
1281
1282
1287
1290
1290
1290
1291
1292
1294
1295
1295
1299
1299
1300
1300
1302
1302
1304
1305
1305
1305
1306
1306
1310
1310
1310
1310
1313
1314
1315
1320
1320
1325
1325
1326
1330
1330
1335
1335
1337
1337
1340
1340
1340
1340
1340
1340
1340
1341
1345
1350
1350
1358
1359
1360
1360
1360
1360
1360
1361
1361
1361
1361
1365
1369
1372
1376
1377
1380
1388
1389
1389
1390
1390
1390
1390
1398
1400
1404
1405
1408
1410
1410
1420
1420
1420
1426
1429
1430
1432
1440
1440
1440
1440
1448
1450
1452
1452
1453
1455
1458
1460
1460
1460
1467
1474
1475
1482
1490
1496
1503
1508
1512
1516
1528
1532
1535
1537
1540
1565
1571
1575
1575
1577
1600
1605
1608
1612
1619
1622
1632
1675
1682
1695
1776
1297
1381
1165
1347
1229
1640
1168
1237
1284
1150
1251
1266
1520
1256
1143
1401
1064
1515
1197
1462
1482
1425
1285
1346
1348
1543
1336
1344
1406
1239
1319
1326
1183
985
1386
1454
1180
1188
1380
1249
1111
1179
1110
1245
1051
1167
1235
1196
1351
1345
1372
1226
1234
1168
1376
1254
1320
1305
1376
1526
1428
1363
1257
1786
1442
1420
1068
1308
1305
1197
1234
1457
1316
1167
1192
1295
1376
1293
1197
1143
1334
985
1486
1428
1179
1472
1504
1411
1271
1437
1344
1337
1295
1187
1348
1385
1074
1187
1525
1523
1405
1296
1404
1325
1510
1191
1529
1346
1202
1175
1589
1345
1528
1369
1114
907
1392
1372
1377
1454
1404
1402
1415
1243
1251
1109
1236
1187
1401
1315
1234
1464
1184
1299
1249
1079
1263
1066
1288
1261
1488
1323
1202
1392
1203
1157
1174
1114
1242
1232
1266
1531
1452
1352
1408
1093
1539
1413
1313
1388
1302
1448
1175
1186
1293
1252
1299
1354
1404
1225
1393
1156
1299
1203
1262
1354
1361
1236
1289
1412
1402
1352
1304
1459
1370
1191
1333
1345
1370
1209
1213
1323
1372
1469
1522
1435
1220
1117
1395
1022
1195
1330
1294
1359
1416
1203
1216
1292
1326
1340
1421
1473
1372
1414
1407
1270
1320
1450
1478
1402
1104
1071
1421
1638
1515
1330
1443
1499
1331
1433
1633
1429
1484
1345
1267
1242
1194
1260
1344
1465
1308
1269
1183
1268
1098
1511
1156
1045
1351
1286
1313
1161
1254
1152
1292
1389
1130
1133
1303
1308
1437
1382
1380
1366
1297
1542
1498
1168
1517
1239
1344
1337
1191
1195
1192
1300
1158
1383
1022
1273
1229
937
1370
1164
1197
1095
1196
1160
1351
1049
1372
1216
1130
1109
1321
1007
1213
1314
1355
1236
1310
1229
1266
1324
1053
1183
1298