0.107673
0.0829
0.0982803
0.102624
0.105133
0.121797
0.116482
0.109669
0.0980519
0.116135
0.0926968
0.0909616
0.109798
0.101735
0.111813
0.0994545
0.114743
0.110655
0.0984633
0.108806
0.103013
0.122965
0.122738
0.113908
0.119215
0.133807
0.0887407
0.128225
0.113252
0.0937169
0.108947
0.0980638
0.109827
0.122438
0.103062
0.104898
0.110062
0.117441
0.113348
0.113856
0.11308
0.0878739
0.105782
0.0921428
0.0896547
0.091249
0.103191
0.0958766
0.105871
0.112034
0.108017
0.101087
0.1133
0.10919
0.0966103
0.1017
0.0945025
0.127294
0.115749
0.105875
0.128733
0.0986956
0.108688
0.124282
0.117587
0.0942224
0.0961142
0.112822
0.112186
0.100033
0.108607
0.112341
0.10372
0.0930635
0.123628
0.12072
0.0901719
0.103079
0.11511
0.118838
0.117976
0.111932
0.132131
0.100078
0.103336
0.0992806
0.122967
0.106479
0.107604
0.11665
0.115452
0.124736
0.106917
0.086734
0.103457
0.107494
0.102022
0.0984624
0.106265
0.099625
0.122667
0.106947
0.106297
0.0877225
0.115319
0.110609
0.112825
0.117675
0.107709
0.108891
0.113254
0.0899766
0.100057
0.101672
0.132623
0.122057
0.12603
0.109826
0.109423
0.108531
0.137341
0.1028
0.105929
0.0977621
0.122676
0.111281
0.10334
0.113115
0.105188
0.101602
0.120893
0.114235
0.109587
0.114759
0.0890972
0.103049
0.113965
0.107755
0.100867
0.108068
0.0965557
0.135757
0.0911034
0.115236
0.100542
0.0927392
0.096688
0.112359
0.126489
0.126233
0.0996635
0.119543
0.0912495
0.105828
0.101622
0.0959046
0.113885
0.105277
0.111502
0.112568
0.122505
0.0966668
0.10076
0.117308
0.0949988
0.102902
0.103257
0.107725
0.113051
0.0947069
0.109559
0.115861
0.101098
0.0983736
0.100565
0.102045
0.0973119
0.092654
0.111678
0.103781
0.0873817
0.10435
0.101261
0.109802
0.101688
0.0968798
0.107608
0.106883
0.112729
0.126156
0.118684
0.102623
0.11302
0.125597
0.121273
0.0959871
0.0988882
0.126661
0.118782
0.112827
0.0945061
0.118007
0.0908632
0.0989368
0.106761
0.110354
0.0894161
0.125566
0.0846461
0.102145
0.103734
0.113202
0.1117
0.123689
0.120209
0.102675
0.0937799
0.105722
0.111089
0.117379
0.108183
0.118718
0.111673
0.0978296
0.101443
0.0953244
0.113201
0.102771
0.0879884
0.107939
0.0915823
0.118772
0.114865
0.105837
0.106186
0.107137
0.101868
0.105184
0.117123
0.103234
0.118904
0.0993384
0.097845
0.0936036
0.0999407
0.121413
0.0971012
0.10706
0.114784
0.116026
0.100757
0.104226
0.105873
0.109194
0.103361
0.0969381
0.11913
0.0945809
0.0918396
0.110814
0.118413
0.1155
0.119274
0.103513
0.123258
0.116913
0.127948
0.116359
0.10097
0.112918
0.110084
0.119067
0.108443
0.118116
0.114786
0.100929
0.100837
0.109354
0.124002
0.0987584
0.107996
0.10503
0.102704
0.108769
0.10491
0.0915802
0.105372
0.116057
0.0930308
0.107897
0.107489
0.113864
0.112706
0.105932
0.100448
0.0984311
0.10345
0.0937756
0.120108
0.0944396
0.115774
0.124152
0.127496
0.106327
0.103996
0.102624
0.101825
0.0946066
0.103761
0.11197
0.102
0.0912464
0.105447
0.112667
0.106962
0.117455
0.106778
0.103613
0.10269
0.129096
0.0986299
0.124568
0.0927322
0.0948691
0.103848
0.0937799
0.126049
0.111664
0.112011
0.0978771
0.112788
0.102349
0.103072
0.120405
0.126798
0.105253
0.106509
0.124311
0.102778
0.118078
0.113922
0.102553
0.0943984
0.0964042
0.103603
0.126306
0.102994
0.105261
0.0872903
0.108048
0.117451
0.118075
0.0940024
0.105652
0.109298
0.112655
0.124719
0.10544
0.118001
0.108062
0.106984
0.104055
0.0966452
0.109734
0.118496
0.104744
0.103534
0.108975
0.0994676
0.137836
0.117142
0.116795
0.124782
0.122261
0.107836
0.0964078
0.104091
0.0980768
0.0983994
0.099367
0.113551
0.0742514
0.114622
0.112404
0.095129
0.131318
0.117591
0.104786
0.111054
0.110398
0.099173
0.104607
0.117018
0.0996369
0.0997519
0.112175
0.10065
0.108518
0.084575
0.101606
0.0955673
0.102346
0.108026
0.111131
0.103172
0.105303
0.116564
0.117042
0.133147
0.104648
0.105876
0.10579
0.120447
0.0989545
0.132359
0.122347
0.120926
0.118217
0.116379
0.105122
0.115598
0.0877989
0.101441
0.100092
0.110758
0.111779
0.108869
0.115626
0.0987059
0.104182
0.113182
0.115003
0.102339
0.0955153
0.0954728
0.0919928
0.116111
0.107229
0.12069
0.0936249
0.0962173
0.094043
0.107883
0.119655
0.0867425
0.0976949
0.113716
0.101729
0.0988199
0.114169
0.100338
0.106675
0.0882636
0.106253
0.106316
0.0853528
0.100374
0.113538
0.108529
0.11476
0.0980206
0.105142
0.10822
0.111978
0.116779
0.111333
0.124958
0.1146
0.108451
0.118846
0.116429
0.107526
0.0996488
0.0946109
0.101405
0.114472
0.0976647
0.114867
0.0953231
0.11575
0.0900328
0.0982711
0.10763
0.103165
0.114109
0.119866
0.0979155
0.0956834
0.1062
0.107648
0.094614
0.104548
0.106344
0.105713
0.1139
0.103277
0.111254
0.104512
0.102942
0.10947
0.119247
0.0976467
0.109574
0.103149
0.100778
0.107894
0.0981221
0.110978
0.0899208
0.109825
0.0963942
0.117651
0.0993371
0.113056
0.106955
0.112623
0.110079
0.0987655
0.0952447
0.104077
0.124073
0.112039
0.107562
0.111996
0.116537
0.0974957
0.102826
0.125482
0.10916
0.121048
0.0946656
0.101732
0.0918724
0.121955
0.098176
0.106706
0.120404
0.0947188
0.0951861
0.115838
0.0975024
0.114105
0.102054
0.0976426
0.0972551
0.0964214
0.0912361
0.102543
0.110924
0.105508
0.097901
0.114094
0.105996
0.105137
0.104324
0.140141
0.107589
0.111424
0.111578
0.0907008
0.0954084
0.12373
0.0998524
0.104331
0.128311
0.106764
0.107517
0.106489
0.107596
0.123527
0.110854
0.0901502
0.108602
0.103264
0.109416
0.113102
0.103687
0.105372
0.106009
0.104794
0.0932981
0.0883864
0.111832
0.105696
0.116349
0.100804
0.0935437
0.109606
0.0999475
0.100511
0.11145
0.103251
0.132219
0.11274
0.110263
0.10142
0.0881635
0.130927
0.102522
0.108474
0.105702
0.0998798
0.105554
0.0973214
0.100095
0.0883947
0.103376
0.10284
0.116997
0.105425
0.109825
0.103297
0.114667
0.0921196
0.103052
0.0871485
0.101405
0.104591
0.0916153
0.122427
0.111456
0.0956985
0.106207
0.113986
0.119384
0.097802
0.0785695
0.0992803
0.101336
0.107688
0.107982
0.121226
0.123811
0.112837
0.116627
0.108955
0.110128
0.124305
0.12107
0.102022
0.09847
0.0958752
0.123091
0.115741
0.114532
0.100267
0.0927891
0.0852294
0.119338
0.108411
0.126448
0.0904127
0.102861
0.121458
0.10968
0.0988724
0.121384
0.110254
0.109684
0.112608
0.119305
0.11209
0.101457
0.0932631
0.102955
0.120777
0.105804
0.116168
0.101728
0.0955005
0.132227
0.12294
0.110871
0.109
0.112289
0.107242
0.0999464
0.111258
0.0964788
0.121815
0.117573
0.121162
0.119697
0.0893248
0.0994827
0.103321
0.105214
0.108982
0.125252
0.136006
0.0967352
0.11466
0.10411
0.110729
0.107978
0.118664
0.108511
0.125128
0.101413
0.0900855
0.111484
0.113994
0.0776735
0.115532
0.11426
0.0979967
0.0934767
0.0954235
0.101801
0.125342
0.108167
0.0962023
0.107161
0.114726
0.120201
0.111472
0.096706
0.110179
0.10527
0.116618
0.106651
0.103369
0.111858
0.100031
0.10872
0.0951665
0.0965125
0.101286
0.128054
0.112859
0.1022
0.0990346
0.104792
0.120363
0.111703
0.0826064
0.100725
0.110655
0.11997
0.106717
0.0882302
0.103313
0.1162
0.110981
0.117623
0.0850801
0.112275
0.106155
0.0894556
0.0923704
0.107794
0.104251
0.125997
0.111247
0.107223
0.122301
0.11726
0.112126
0.11196
0.115042
0.0955395
0.103037
0.10273
0.107205
0.0928697
0.107177
0.0983378
0.111196
0.107203
0.108289
0.0915367
0.11681
0.096704
0.13047
0.113275
0.123031
0.119248
0.105996
0.113731
0.11626
0.109087
0.112243
0.109347
0.0984507
0.108084
0.0996134
0.108138
0.0949161
0.114745
0.101563
0.118252
0.0995724
0.10346
0.114311
0.117642
0.0941293
0.0941249
0.107826
0.118119
0.101865
0.0945063
0.103088
0.104518
0.0957082
0.114124
0.0918771
0.100882
0.116651
0.111175
0.0993101
0.0954313
0.106387
0.1245
0.11868
0.104677
0.110053
0.104276
0.0897452
0.0904699
0.117262
0.0883729
0.100116
0.0978818
0.11565
0.117709
0.10638
0.111318
0.09488
0.102496
0.0926688
0.105857
0.102063
0.110419
0.100071
0.103778
0.123774
0.0805834
0.0894485
0.10849
0.113188
0.115959
0.110244
0.0942162
0.119059
0.0934587
0.118864
0.11452
0.113161
0.115606
0.109423
0.102521
0.0851658
0.107766
0.0903577
0.0986011
0.0953439
0.101666
0.107228
0.105354
0.129018
0.104581
0.120937
0.0894762
0.102658
0.120203
0.114019
0.12543
0.117627
0.0886851
0.103398
0.106635
0.106753
0.123365
0.093535
0.109173
0.115563
0.0995842
0.113836
0.10913
0.119289
0.109822
0.114325
0.129254
0.0921143
0.104326
0.0940815
0.10153
0.0981064
0.092288
0.0907989
0.114582
0.135396
0.127532
0.11174
0.0947392
0.100092
0.0916322
0.119735
0.116027
0.111355
0.104014
0.119802
0.0999555
0.100575
0.105047
0.109486
0.106573
0.101799
0.0999141
0.108973
0.107855
0.0903851
0.0944001
0.111218
0.120619
0.103168
0.104634
0.101866
0.10662
0.093448
0.127749
0.0873688
0.108317
0.111332
0.136655
0.105673
0.118805
0.104255
0.112656
0.115942
0.109766
0.0910867
0.103089
0.105181
0.106431
0.106904
0.101949
0.106158
0.123045
0.117891
0.110623
0.0971374
0.0938845
0.117168
0.0888553
0.110621
0.097023
0.0939018
0.0893641
0.1104
0.105929
0.106128
0.0971449
0.140907
0.101375
0.0941553
0.103691
0.113393
0.111593
0.104069
0.102598
0.109824
0.120793
0.103592
0.101972
0.12017
0.0890986
0.101059
0.122856
0.124396
0.0963615
0.107838
0.110746
0.11608
0.0943855
0.111268
0.0915
0.0932318
0.0731623
0.094497
0.110158
0.123229
0.113066
0.0995466
0.114599
0.0998381
0.10105
0.0965548
0.137848
0.126318
0.096701
0.0945192
0.093405
0.120748
0.119598
0.0980292
0.0939294
0.0922296
0.105375
0.122064
0.104457
0.113447
0.095519
0.107575
0.0930343
0.123287
0.109879
0.104131
0.104937
0.102501
0.120011
0.10078
0.102449
0.116305
0.129731
0.0981587
0.088606
0.0871795
0.107268
0.111037
0.107652
0.099445
0.0965859
0.100433
0.08896
0.105521
0.132126
0.10986
0.101789
0.107439
0.103911
0.114001
0.0926465
0.116742
0.115886
0.10049
0.0976434
0.103522
0.110572
0.100275
0.110831
0.0964143
0.105621
0.116712
0.103778
0.109497
0.103726
0.106842
0.0998484
0.0949588
0.106698
0.102685
0.109225
0.103154
0.106507
0.102832
0.116377
0.107068
0.114244
0.098082
0.101584
0.11804
0.0943972
0.106465
0.118541
0.110296
0.116792
0.119408
0.119983
0.0940811
0.12274
0.107371
0.12916
0.107181
0.114269
0.135423
0.103331
0.0975971
0.107509
0.114069
0.102898
0.110753
0.0979024
0.0948277
0.11323
0.11271
0.124471
0.11128
0.092244
0.0800456
0.138639
0.0848181
0.1045
0.108474
0.109562
0.135354
0.115554
0.109104
0.111803
0.103472
0.101131
0.108246
0.120842
0.106078
0.0950575
0.114934
0.10354
0.111935
0.0829457
0.115333
0.0905789
0.122799
0.104195
0.108514
0.125887
0.0995758
0.112756
0.10593
0.112752
0.117491
0.109726
0.0924989
0.10847
0.0971921
0.0925243
0.0908001
0.112715
0.100564
0.112771
0.118932
0.107563
0.0892962
0.112585
0.105734
0.0956282
0.0933419
0.0951756
0.0952464
0.114942
0.115868
0.101389
0.0982115
0.122306
0.107746
0.117123
0.116059
0.0903252
0.0932002
0.111773
0.125816
0.107678
0.104453
0.11099
0.112058
0.0992936
0.114279
0.11279
0.112188
0.113843
0.110731
0.108208
0.0992672
0.0934058
0.0964097
0.11963
0.0947673
0.110563
0.112718
0.104161
0.103596
0.097825
0.114866
0.105484
0.10981
0.0937163
0.11442
0.0853009
0.103091
0.108547
0.114408
0.102564
0.115069
0.116042
0.124502
0.0937845
0.0969609
0.119212
0.106226
0.108925
0.109201
0.112563
0.0981564
0.12361
0.0957611
0.101052
0.100808
0.0930129
0.113719
0.118264
0.0903888
0.106278
0.112603
0.104299
0.106474
0.108301
0.103517
0.112043
0.134317
0.0902226
0.0970303
0.0769156
0.0994662
0.114805
0.114274
0.10474
0.0984282
0.133324
0.102951
0.0843954
0.110684
0.118147
0.12285
0.122085
0.100629
0.105097
0.107943
0.108602
0.124311
0.114879
0.114289
0.105808
0.118359
0.0888248
0.122384
0.086505
0.109027
0.0971245
0.101429
0.0999287
0.105517
0.113758
0.10035
0.0987669
0.123045
0.101704
0.110351
0.113221
0.101495
0.117469
0.100325
0.116236
0.124434
0.0924362
0.100132
0.0965716
0.115929
0.119793
0.098401
0.115289
0.0914497
0.10691
0.11105
0.0857533
0.099009
0.094672
0.10525
0.0864392
0.111076
0.104064
0.102844
0.0942557
0.107703
0.110401
0.108155
0.115468
0.0907443
0.107464
0.0933986
0.093911
0.109073
0.134164
0.11671
0.105496
0.104586
0.0971209
0.119268
0.127817
0.105687
0.118228
0.129353
0.121367
0.101277
0.116639
0.0840633
0.112209
0.0919591
0.0923494
0.116429
0.0960488
0.121068
0.104021
0.119808
0.11418
0.108354
0.115086
0.0986082
0.125652
0.122098
0.110963
0.118616
0.112002
0.111951
0.088441
0.0932847
0.109299
0.104836
0.105274
0.0968443
0.103346
0.0942578
0.105538
0.130345
0.105609
0.0852793
0.106152
0.0941464
0.113039
0.114003
0.11374
0.0987427
0.118912
0.0972912
0.103047
0.110961
0.0961867
0.110442
0.124527
0.109596
0.100133
0.105395
0.10647
0.0841656
0.114941
0.0983459
0.114073
0.115594
0.100225
0.11565
0.105563
0.10935
0.0930579
0.11893
0.0811015
0.10268
0.0925465
0.113975
0.103727
0.114864
0.0927217
0.114678
0.110477
0.101625
0.108852
0.112595
0.104435
0.0990022
0.106233
0.0846036
0.0859354
0.107115
0.116568
0.0928642
0.0898604
0.127342
0.0947533
0.0941257
0.0962535
0.105569
0.105411
0.115322
0.109427
0.104937
0.0867342
0.104492
0.0982896
0.114434
0.113267
0.131715
0.0905688
0.122138
0.102284
0.105742
0.119686
0.125506
0.139827
0.117787
0.107221
0.109341
0.128662
0.0968457
0.106207
0.111016
0.115388
0.126418
0.114141
0.0874722
0.10123
0.101301
0.103005
0.120437
0.0955007
0.11561
0.120566
0.106874
0.114807
0.102854
0.0947894
0.0993466
0.110517
0.114378
0.105071
0.113592
0.104712
0.09817
0.08681
0.132451
0.083489
0.0941259
0.119872
0.0956927
0.122082
0.117627
0.0962617
0.118738
0.10672
0.10358
0.095199
0.105451
0.11905
0.106001
0.102393
0.10146
0.114586
0.0981099
0.100535
0.105941
0.115486
0.10546
0.118173
0.0938853
0.110648
0.0971708
0.120605
0.111221
0.0903006
0.0933495
0.106215
0.089063
0.10103
0.0984601
0.106127
0.105086
0.114545
0.101187
0.105015
0.0947852
0.115946
0.122242
0.093714
0.094704
0.0892687
0.122097
0.0969469
0.125619
0.0879222
0.107521
0.0995921
0.112264
0.0990878
0.109436
0.115924
0.112636
0.107072
0.119118
0.0888876
0.0876077
0.129115
0.109602
0.110265
0.100767
0.103565
0.101832
0.0920419
0.120001
0.118458
0.0950356
0.111002
0.0872847
0.111039
0.0856613
0.116575
0.0979931
0.130862
0.102362
0.0910018
0.114984
0.120675
0.123409
0.113517
0.105341
0.112819
0.0837921
0.122905
0.0987057
0.108449
0.122233
0.0970879
0.0979671
0.0986664
0.102053
0.109629
0.114268
0.118658
0.102628
0.102842
0.130848
0.11165
0.112983
0.125846
0.111117
0.106383
0.115873
0.0864598
0.132929
0.117552
0.114993
0.118671
0.118315
0.120673
0.120842
0.111608
0.104766
0.109171
0.112189
0.101734
0.112007
0.101994
0.115124
0.09621
0.116036
0.091619
0.102502
0.0920172
0.112818
0.100953
0.104618
0.0943433
0.111357
0.10491
0.105523
0.0953657
0.107879
0.0755314
0.0919815
0.112894
0.108341
0.11818
0.105351
0.110896
0.0959213
0.115555
0.114148
0.104324
0.121367
0.130667
0.107439
0.0911881
0.125057
0.10473
0.109954
0.100033
0.124831
0.11308
0.0995223
0.114566
0.1179
0.116983
0.106639
0.107202
0.115557
0.109722
0.116839
0.119419
0.113473
0.120147
0.103198
0.121067
0.0904178
0.0982101
0.0850931
0.0930154
0.0999221
0.10387
0.11434
0.109328
0.0900488
0.115086
0.0985363
0.104766
0.0984508
0.0989973
0.115394
0.102679
0.101359
0.100462
0.0974981
0.119667
0.111177
0.0954331
0.0984272
0.104973
0.121886
0.101359
0.0901626
0.10107
0.106903
0.0848665
0.0966824
0.111225
0.122028
0.0965246
0.117586
0.102798
0.115302
0.103994
0.11711
0.1005
0.101649
0.122187
0.0872881
0.104703
0.105705
0.0998169
0.115108
0.119537
0.0971212
0.12205
0.100114
0.104144
0.107125
0.11313
0.128781
0.106895
0.101279
0.109889
0.0988739
0.0998326
0.109051
0.113582
0.122249
0.110345
0.116196
0.0912694
0.10376
0.12983
0.0930917
0.110686
0.110759
0.117452
0.105245
0.116727
0.112636
0.104195
0.104365
0.0910247
0.0952191
0.10665
0.0984526
0.115942
0.110217
0.127128
0.0894125
0.0902146
0.0987875
0.105953
0.101916
0.0886767
0.101897
0.103045
0.103174
0.102186
0.10498
0.126378
0.0992447
0.112531
0.0874639
0.110319
0.110307
0.113895
0.0911214
0.107722
0.105941
0.117999
0.111755
0.101465
0.100696
0.0804517
0.0947774
0.0904712
0.0912336
0.102038
0.105649
0.11074
0.117192
0.116493
0.11206
0.115768
0.096742
0.129533
0.0950435
0.120884
0.0937413
0.119314
0.120743
0.0980087
0.0978386
0.0959417
0.106251
0.0953552
0.0998365
0.0903505
0.0896632
0.102348
0.0904914
0.108763
0.0966038
0.103547
0.0952329
0.105507
0.122756
0.100855
0.100894
0.103043
0.089528
0.0959237
0.106812
0.113933
0.123665
0.10748
0.126872
0.112924
0.104109
0.117587
0.0914861
0.112431
0.102203
0.0976409
0.105118
0.105039
0.118052
0.102111
0.12377
0.100294
0.118212
0.099551
0.105012
0.111607
0.110812
0.114606
0.11334
0.0919429
0.119641
0.109306
0.120464
0.0997766
0.109019
0.104005
0.0921513
0.103484
0.111317
0.113176
0.117775
0.11223
0.113969
0.10072
0.106255
0.0992782
0.114832
0.100863
0.0926173
0.0868072
0.114311
0.120373
0.112479
0.0989888
0.0870098
0.118654
0.134454
0.0930622
0.111149
0.0972919
0.0896586
0.117486
0.0917306
0.117549
0.102745
0.100798
0.124888
0.124542
0.0985417
0.127986
0.0944924
0.102022
0.0993659
0.0926773
0.106136
0.121387
0.0881668
0.136036
0.118952
0.122286
0.125388
0.113598
0.119374
0.103838
0.0909547
0.11922
0.118401
0.0884024
0.126962
0.114207
0.107851
0.0975332
0.0940441
0.102277
0.101439
0.0975425
0.102864
0.105121
0.116752
0.0895389
0.106595
0.104516
0.106708
0.103983
0.102317
0.115142
0.101977
0.133679
0.111179
0.121165
0.120334
0.110647
0.104372
0.120749
0.116906
0.112
0.096739
0.106055
0.116121
0.121264
0.119279
0.107248
0.104675
0.103631
0.117906
0.109712
0.0996149
0.10815
0.0979684
0.10638
0.109762
0.11433
0.0941064
0.0995641
0.117985
0.119999
0.0998343
0.113255
0.0691122
0.104482
0.0973996
0.0946287
0.118408
0.0796885
0.116892
0.13485
0.112161
0.105932
0.0989807
0.0993577
0.1101
0.107373
0.102899
0.114074
0.116826
0.119562
0.103322
0.107118
0.137988
0.106515
0.0882746
0.102206
0.128693
0.117675
0.105244
0.116648
0.088792
0.0939928
0.0911759
0.0946439
0.110591
0.101717
0.11139
0.0996351
0.115708
0.0844259
0.115659
0.110193
0.105242
0.126119
0.0929867
0.117517
0.11881
0.112926
0.0944568
0.104748
0.0994816
0.108398
0.114039
0.0848027
0.0908441
0.113376
0.0983421
0.115089
0.104529
0.107737
0.092968
0.103986
0.1126
0.101614
0.104519
0.106634
0.10613
0.0882904
0.100491
0.093156
0.0998203
0.117041
0.117148
0.0946437
0.112744
0.0959346
0.10659
0.113636
0.114796
0.114374
0.110735
0.0812186
0.104941
0.102754
0.117976
0.11563
0.108944
0.101498
0.112068
0.0953056
0.104972
0.112647
0.106863
0.116193
0.110455
0.083243
0.117117
0.0929896
0.100776
0.114001
0.0851531
0.104159
0.112569
0.115119
0.0927912
0.114136
0.111178
0.101314
0.103335
0.104654
0.151111
0.0951484
0.105675
0.103539
0.0899985
0.132198
0.0971437
0.0994715
0.101335
0.0900776
0.131204
0.106645
0.106943
0.0994487
0.10167
0.0900459
0.111245
0.0913904
0.0942036
0.0920838
0.111989
0.0823744
0.102757
0.118017
0.102856
0.105379
0.124374
0.122986
0.114281
0.110005
0.112063
0.128537
0.109179
0.0972411
0.0968254
0.111601
0.123251
0.0963098
0.0998232
0.106812
0.103266
0.107283
0.0932774
0.126592
0.094274
0.118463
0.114501
0.102218
0.111056
0.105697
0.112878
0.0981488
0.100164
0.122215
0.0866824
0.108073
0.0971458
0.12209
0.113666
0.126616
0.104656
0.110704
0.107928
0.0900009
0.121271
0.103932
0.10064
0.106489
0.0911793
0.107699
0.102068
0.113722
0.106837
0.0948285
0.086964
0.0862377
0.108602
0.106526
0.113225
0.10462
0.0956454
0.121918
0.117919
0.101992
0.116722
0.112506
0.127668
0.103556
0.0988136
0.114795
0.106452
0.104659
0.0821528
0.105323
0.0988228
0.115325
0.108974
0.0979541
0.106361
0.0969197
0.115253
0.107824
0.124771
0.100525
0.113718
0.0972693
0.0937556
0.0966429
0.102401
0.104571
0.0990994
0.0902547
0.0884803
0.0905374
0.0958702
0.0980703
0.116193
0.111834
0.0991591
0.113197
0.121112
0.118975
0.0924269
0.108333
0.0985561
0.115043
0.100628
0.0924457
0.117548
0.0939366
0.101862
0.104806
0.118477
0.105772
0.0954537
0.114082
0.101993
0.0951291
0.0915845
0.0958658
0.119591
0.114168
0.0878873
0.105454
0.11014
0.0921211
0.11277
0.0999472
0.125468
0.0868326
0.0936111
0.113014
0.098714
0.106919
0.1091
0.116413
0.116166
0.103813
0.106718
0.116338
0.10581
0.101976
0.115827
0.130779
0.100674
0.0997251
0.137567
0.0822443
0.1187
0.123331
0.103988
0.120376
0.096881
0.0935079
0.121089
0.110648
0.101458
0.112113
0.106486
0.10712
0.0890622
0.126584
0.0954776
0.104765
0.114728
0.116327
0.123562
0.0845458
0.123501
0.123741
0.110098
0.114404
0.0917468
0.0954934
0.0951801
0.120069
0.109759
0.12239
0.100703
0.0853573
0.100319
0.102153
0.113835
0.106104
0.105623
0.0945881
0.0909201
0.105431
0.10728
0.105521
0.114025
0.100618
0.126378
0.108495
0.11798
0.101641
0.0937144
0.119739
0.0827966
0.119936
0.0994338
0.130354
0.116259
0.103291
0.10945
0.103653
0.106105
0.103785
0.0976228
0.112521
0.112164
0.10668
0.114469
0.11501
0.102235
0.0978138
0.115166
0.0976192
0.109985
0.101635
0.118993
0.10431
0.115108
0.110881
0.119575
0.119999
0.118712
0.0922028
0.106822
0.121074
0.0976987
0.102103
0.10352
0.123882
0.103896
0.11119
0.110428
0.116786
0.115082
0.132754
0.120776
0.101527
0.108188
0.0907134
0.0909132
0.0969141
0.106099
0.115911
0.0936075
0.108205
0.108744
0.101586
0.0888809
0.111653
0.126881
0.101869
0.0974131
0.0968835
0.104997
0.0902447
0.110488
0.103809
0.115329
0.0901343
0.101873
0.112927
0.117855
0.105421
0.108741
0.102187
0.0924669
0.113214
0.0938562
0.127992
0.0989064
0.110015
0.106166
0.134264
0.106327
0.0907816
0.1079
0.115915
0.116565
0.0881642
0.100047
0.129103
0.0877876
0.0964485
0.0914469
0.108585
0.0997619
0.107715
0.114214
0.0985947
0.0949636
0.0968545
0.108154
0.111043
0.0989085
0.107324
0.110867
0.0992159
0.108154
0.0940246
0.114738
0.125999
0.0850867
0.10185
0.11282
0.0886409
0.105877
0.0937752
0.108624
0.0934364
0.13224
0.110095
0.119938
0.0987612
0.105523
0.0817592
0.111354
0.109748
0.0892625
0.0989869
0.107731
0.0950464
0.116269
0.0966535
0.112702
0.13289
0.11215
0.119719
0.103186
0.101547
0.103795
0.111644
0.102363
0.113943
0.0971701
0.115376
0.104993
0.11118
0.0980986
0.106179
0.094203
0.10916
0.110295
0.112036
0.109038
0.0817671
0.126655
0.112174
0.103355
0.116949
0.0978566
0.119751
0.117007
0.102885
0.111144
0.119078
0.104124
0.107529
0.105466
0.110571
0.106
0.115716
0.109603
0.111395
0.111923
0.0985651
0.130805
0.0940148
0.0997328
0.101574
0.0987947
0.113644
0.105002
0.107163
0.107138
0.100162
0.0872208
0.101173
0.116547
0.1021
0.112903
0.11079
0.115114
0.112478
0.122975
0.0939593
0.114592
0.0964411
0.111418
0.100599
0.119865
0.113567
0.0995991
0.0881255
0.0987917
0.128797
0.0895439
0.105158
0.108437
0.099152
0.102095
0.116061
0.114839
0.106033
0.0919385
0.103923
0.11013
0.094149
0.106304
0.108217
0.107629
0.106786
0.107709
0.0953142
0.115988
0.114698
0.100205
0.118309
0.105832
0.114037
0.112685
0.10074
0.10145
0.109863
0.0876062
0.106533
0.102471
0.0924234
0.107984
0.094535
0.0950359
0.107621
0.106909
0.0928258
0.126034
0.109057
0.108511
0.100576
0.0999422
0.115155
0.0994376
0.118088
0.0897806
0.147205
0.109809
0.0984822
0.0943689
0.106366
0.117177
0.119301
0.0910382
0.114973
0.11508
0.0965057
0.101925
0.101943
0.106894
0.114642
0.0968375
0.127715
0.123102
0.0803844
0.112362
0.10445
0.114079
0.126126
0.102182
0.109911
0.0990741
0.110437
0.109637
0.11008
0.0977437
0.110421
0.110216
0.113807
0.137257
0.105576
0.0971437
0.116057
0.111452
0.104215
0.117942
0.114388
0.10064
0.0977363
0.108498
0.0956367
0.099823
0.100229
0.114592
0.10387
0.111451
0.0964739
0.0876342
0.0966197
0.126129
0.123165
0.0923738
0.118133
0.123156
0.1071
0.110545
0.120464
0.128382
0.0953772
0.0909272
0.106375
0.0859908
0.122137
0.114984
0.106581
0.100912
0.0906444
0.101743
0.100999
0.104221
0.0992291
0.12021
0.105382
0.100326
0.0967402
0.120889
0.092027
0.0920667
0.0991655
0.108271
0.101295
0.110239
0.10693
0.110371
0.109174
0.12257
0.111587
0.122703
0.0837835
0.107708
0.104538
0.118562
0.102701
0.0906323
0.0997308
0.122105
0.103488
0.111567
0.108501
0.109584
0.11327
0.0886072
0.100504
0.125219
0.11489
0.10835
0.105738
0.108145
0.106387
0.111053
0.101228
0.107726
0.0990642
0.0963673
0.112659
0.108826
0.0869052
0.125479
0.104295
0.0834633
0.114213
0.120284
0.106607
0.0999898
0.102206
0.119489
0.108743
0.0972109
0.0923115
0.103773
0.120033
0.122824
0.106679
0.0987702
0.117918
0.131613
0.109336
0.122825
0.108174
0.104094
0.107166
0.109448
0.0906896
0.113127
0.102576
0.103089
0.0996589
0.116977
0.112247
0.124981
0.0955112
0.108164
0.112236
0.107773
0.110957
0.126453
0.115669
0.102171
0.108128
0.0956835
0.116046
0.100627
0.110386
0.121379
0.111013
0.110166
0.0995809
0.0978282
0.109685
0.113051
0.110133
0.0931363
0.103625
0.129997
0.101902
0.106054
0.106447
0.11516
0.118455
0.107328
0.12696
0.132361
0.127831
0.0967031
0.11678
0.111705
0.104827
0.112759
0.116758
0.113385
0.0974707
0.12135
0.103082
0.113298
0.101552
0.123539
0.114661
0.127543
0.112165
0.118082
0.116573
0.103747
0.103022
0.12346
0.117337
0.12365
0.101982
0.113701
0.123711
0.109251
0.132917
0.103841
0.0934837
0.107611
0.0831284
0.109545
0.105396
0.0936077
0.106134
0.104553
0.106418
0.10433
0.112873
0.124362
0.11958
0.115403
0.105823
0.115693
0.0946094
0.133289
0.0978821
0.111196
0.106684
0.106043
0.114569
0.117816
0.125468
0.106478
0.103513
0.106655
0.0984656
0.100883
0.108964
0.0904533
0.115218
0.129656
0.0988402
0.109796
0.10607
0.100035
0.10574
0.115781
0.0986104
0.0936209
0.0992306
0.121161
0.121519
0.0999374
0.0865855
0.0958766
0.109452
0.0940244
0.118382
0.129009
0.116518
0.108247
0.0950015
0.105475
0.110293
0.128107
0.101389
0.101763
0.106332
0.108909
0.109385
0.110032
0.0859908
0.104149
0.117255
0.108252
0.0923694
0.105801
0.115438
0.113275
0.105572
0.10667
0.107177
0.0965335
0.108354
0.101509
0.117334
0.136944
0.111754
0.114931
0.109042
0.12015
0.110444
0.0953374
0.110562
0.105912
0.100118
0.117406
0.100807
0.114266
0.103912
0.115305
0.10605
0.118071
0.100419
0.110868
0.0938617
0.107071
0.0947137
0.102988
0.0804729
0.114051
0.131671
0.0992471
0.0926652
0.106428
0.127552
0.096946
0.102375
0.10148
0.101654
0.0975594
0.108597
0.12168
0.106157
0.118155
0.11587
0.100047
0.110745
0.119583
0.087667
0.0871003
0.0815982
0.123626
0.122879
0.0894763
0.100534
0.0873745
0.100967
0.114781
0.0980273
0.113685
0.0746202
0.0865345
0.107311
0.0934148
0.10019
0.129829
0.0993811
0.114735
0.11165
0.102359
0.113092
0.114273
0.082149
0.0908687
0.108734
0.122482
0.122282
0.101845
0.0910085
0.108117
0.119292
0.116138
0.123058
0.123975
0.120348
0.123504
0.110631
0.10184
0.0974289
0.0960276
0.121426
0.101879
0.10296
0.0924656
0.118424
0.0930923
0.118521
0.103253
0.0991897
0.107946
0.108544
0.101319
0.114889
0.10923
0.111474
0.125207
0.104838
0.110466
0.112541
0.0975261
0.104314
0.105376
0.114719
0.0921873
0.109186
0.107914
0.106763
0.0963747
0.12356
0.110616
0.104647
0.0837567
0.108268
0.0955381
0.0921056
0.10452
0.103502
0.120509
0.098627
0.0976785
0.123551
0.10597
0.116605
0.10957
0.106503
0.0912766
0.123958
0.0982403
0.112964
0.102083
0.0944334
0.11723
0.0991773
0.0793955
0.105019
0.119614
0.115956
0.110186
0.104801
0.0759402
0.0934975
0.103577
0.0959357
0.115191
0.0881932
0.0958099
0.112597
0.105021
0.0917064
0.115588
0.0904479
0.109119
0.0914322
0.116977
0.105745
0.10999
0.123236
0.119284
0.0991018
0.118102
0.0939201
0.109242
0.0895502
0.106797
0.117187
0.106421
0.101279
0.0851826
0.111318
0.092843
0.124334
0.106179
0.100629
0.105653
0.110307
0.113139
0.107003
0.115843
0.10601
0.119148
0.116245
0.0961496
0.0907095
0.109182
0.107808
0.104274
0.107445
0.0935279
0.116704
0.0996289
0.0924141
0.105888
0.0985563
0.122222
0.125046
0.105348
0.0985678
0.0974956
0.108753
0.0922202
0.105674
0.133311
0.113078
0.0966779
0.105435
0.107208
0.10236
0.116388
0.0971112
0.12831
0.108233
0.113271
0.108807
0.111032
0.109451
0.103673
0.115781
0.104683
0.118644
0.116781
0.121912
0.0968343
0.120022
0.0919684
0.0816311
0.115285
0.102985
0.118718
0.12511
0.098766
0.101447
0.0981709
0.113026
0.110059
0.111391
0.0937365
0.101004
0.130058
0.104257
0.0898072
0.104644
0.0986721
0.0900296
0.0887735
0.0965511
0.0955968
0.109763
0.106697
0.114522
0.108493
0.11387
0.104542
0.0908308
0.0986379
0.115382
0.0937307
0.0942739
0.102408
0.114473
0.139711
0.108363
0.106045
0.0888957
0.102267
0.0876481
0.106474
0.0953331
0.101545
0.094831
0.112215
0.104822
0.0931555
0.099331
0.126295
0.0915876
0.103066
0.116865
0.105409
0.121407
0.111789
0.110788
0.0950592
0.103839
0.110406
0.0918688
0.0920099
0.101028
0.125045
0.0963206
0.111444
0.10733
0.105643
0.113379
0.10288
0.11653
0.111672
0.110307
0.103587
0.10861
0.106583
0.0989612
0.116324
0.106882
0.116114
0.103593
0.105698
0.108288
0.114564
0.101721
0.095044
0.0958224
0.12236
0.0919999
0.113538
0.109678
0.0982061
0.103873
0.095838
0.104506
0.104624
0.115667
0.109734
0.11066
0.114887
0.0932905
0.0876363
0.115738
0.103029
0.0967195
0.121554
0.0956611
0.0884912
0.113995
0.109839
0.115684
0.106031
0.108091
0.105109
0.11707
0.111243
0.0911267
0.111433
0.108049
0.102719
0.110355
0.110994
0.100115
0.113497
0.101303
0.101263
0.0906141
0.104114
0.11498
0.123371
0.122029
0.115095
0.103011
0.114607
0.112142
0.0912846
0.106564
0.101698
0.0884415
0.0979883
0.133609
0.104621
0.105597
0.106557
0.100193
0.119018
0.12161
0.117857
0.111285
0.11512
0.111333
0.106041
0.0919957
0.0964959
0.0888308
0.0915056
0.117933
0.102313
0.112554
0.0985648
0.120519
0.0908559
0.101661
0.109577
0.104247
0.102503
0.119609
0.121475
0.108927
0.11137
0.0953481
0.120811
0.11057
0.103447
0.122098
0.122926
0.112419
0.0961596
0.0944501
0.101725
0.110613
0.100944
0.102872
0.102751
0.108073
0.0945826
0.108179
0.105607
0.109824
0.0896262
0.123635
0.128663
0.106266
0.120177
0.128531
0.110096
0.0977851
0.121078
0.102642
0.108218
0.120112
0.106866
0.0865504
0.0961451
0.120134
0.114248
0.109802
0.112778
0.113516
0.115636
0.138892
0.0974504
0.0943575
0.100876
0.107054
0.119362
0.118874
0.0918914
0.0861563
0.113422
0.101293
0.0999324
0.104799
0.103276
0.103271
0.110268
0.113311
0.0847746
0.1116
0.101524
0.106948
0.111434
0.114894
0.0906005
0.105741
0.099604
0.115298
0.10083
0.10685
0.0985872
0.10754
0.109206
0.106088
0.108512
0.0987764
0.113788
0.121571
0.0967834
0.109433
0.10935
0.106354
0.101038
0.111324
0.110523
0.104538
0.091373
0.102349
0.0951707
0.107104
0.0986479
0.104628
0.108194
0.0988599
0.0990679
0.108069
0.100004
0.0946276
0.0764516
0.115382
0.099147
0.123469
0.115426
0.126019
0.104156
0.100082
0.107085
0.112754
0.116738
0.116245
0.114612
0.0904589
0.112044
0.0965596
0.102956
0.103692
0.11329
0.103996
0.121841
0.121354
0.114257
0.0910815
0.091761
0.0896784
0.0989183
0.109087
0.118369
0.11362
0.103836
0.106266
0.108447
0.103214
0.101213
0.0915368
0.0945244
0.11287
0.104821
0.110808
0.091291
0.0728413
0.10408
0.102023
0.0868522
0.132926
0.110205
0.0954313
0.0985566
0.100789
0.101777
0.118526
0.107116
0.094365
0.115847
0.102422
0.0963897
0.0972966
0.0984988
0.096211
0.0989668
0.100474
0.110824
0.103878
0.12114
0.093471
0.0958454
0.106557
0.109107
0.119516
0.119373
0.106454
0.104807
0.114452
0.106899
0.113381
0.111665
0.115118
0.0959318
0.104275
0.107983
0.101765
0.101493
0.0948719
0.110625
0.0989122
0.0949609
0.112706
0.102313
0.115148
0.102868
0.111444
0.101635
0.101886
0.113256
0.115059
0.116776
0.105603
0.122254
0.0980005
0.121331
0.105016
0.100504
0.10699
0.0992719
0.104059
0.116052
0.111955
0.101865
0.0959067
0.118032
0.0814573
0.105571
0.112579
0.0986875
0.111041
0.101969
0.0996855
0.0950042
0.106328
0.116069
0.0843078
0.0922005
0.118383
0.117518
0.102344
0.10566
0.120313
0.101036
0.096483
0.102886
0.109458
0.107531
0.101956
0.111023
0.11802
0.0890979
0.0984111
0.110202
0.109472
0.100311
0.114895
0.113156
0.120182
0.124805
0.0958259
0.102901
0.115303
0.105134
0.107921
0.105091
0.121057
0.0968187
0.0984677
0.117591
0.102465
0.126036
0.101952
0.117618
0.119461
0.114465
0.103229
0.124177
0.111167
0.10748
0.112068
0.0954808
0.110332
0.105536
0.120425
0.100461
0.101115
0.0965165
0.0921588
0.108597
0.0915075
0.103328
0.0879489
0.122218
0.107363
0.10205
0.0968997
0.108537
0.107219
0.105836
0.100635
0.100351
0.113109
0.0959035
0.0976909
0.104091
0.116576
0.0953937
0.11502
0.107156
0.103537
0.0966882
0.0910229
0.0999531
0.105492
0.110762
0.0964335
0.12018
0.116685
0.0973025
0.106161
0.105847
0.101511
0.0918177
0.0809761
0.0957155
0.09845
0.12179
0.0947958
0.107496
0.101897
0.104987
0.11223
0.107493
0.111732
0.130037
0.0988595
0.105828
0.101654
0.0966916
0.108534
0.124884
0.108697
0.100145
0.129503
0.110626
0.10121
0.114773
0.0878943
0.100305
0.113249
0.0914511
0.0915893
0.109717
0.125076
0.110503
0.116916
0.0979433
0.128534
0.0997786
0.109865
0.108816
0.0920034
0.0981632
0.111548
0.109109
0.106615
0.104611
0.1113
0.101664
0.120355
0.110522
0.108096
0.101101
0.111209
0.111747
0.137397
0.105076
0.119363
0.104588
0.105802
0.104467
0.0856675
0.120401
0.107954
0.1156
0.0917801
0.110196
0.141293
0.113028
0.105764
0.114508
0.108132
0.0946109
0.0967282
0.099967
0.102123
0.098891
0.125074
0.0954121
0.112887
0.109377
0.106886
0.101544
0.0992079
0.0942692
0.0794812
0.0961495
0.0932746
0.112323
0.116557
0.124486
0.111779
0.0932603
0.0912821
0.0966499
0.104972
0.106481
0.0977159
0.108798
0.116196
0.126732
0.109421
0.107361
0.112864
0.0888033
0.0980484
0.0974925
0.100746
0.114367
0.0938384
0.104476
0.100067
0.0888092
0.116118
0.104962
0.105976
0.12027
0.103018
0.109424
0.126724
0.104856
0.125381
0.114219
0.124401
0.0931332
0.09445
0.119111
0.125405
0.109746
0.101441
0.119785
0.118411
0.0995507
0.11252
0.116708
0.116671
0.123227
0.120141
0.112208
0.094254
0.0854661
0.120306
0.0999813
0.10438
0.114184
0.0915999
0.0931351
0.090884
0.133029
0.0799132
0.0994278
0.117701
0.100416
0.102319
0.0893442
0.106022
0.13109
0.110548
0.095764
0.0937886
0.108854
0.0982379
0.123401
0.117068
0.0829134
0.119725
0.0934277
0.096804
0.100368
0.118803
0.104349
0.117929
0.131563
0.0901794
0.110826
0.093202
0.113215
0.121946
0.105654
0.10821
0.098002
0.122802
0.0966353
0.089487
0.104943
0.093009
0.0923098
0.104048
0.125841
0.0998533
0.103635
0.0943157
0.101076
0.109614
0.108735
0.1053
0.111483
0.0996084
0.109586
0.103318
0.109481
0.0958946
0.103763
0.12007
0.111793
0.0991836
0.101456
0.127452
0.121544
0.105172
0.126217
0.10165
0.101223
0.121753
0.111441
0.0961991
0.109062
0.123537
0.101596
0.111695
0.112649
0.103854
0.126114
0.103328
0.119315
0.0951032
0.105655
0.102365
0.111903
0.111192
0.106707
0.111647
0.0983659
0.100166
0.12054
0.0874561
0.102647
0.0958831
0.109595
0.0784499
0.11225
0.0953051
0.097298
0.104978
0.10095
0.109039
0.101397
0.112767
0.10428
0.12497
0.103993
0.113041
0.095303
0.111382
0.0930942
0.102821
0.109424
0.112304
0.12145
0.118275
0.116531
0.101057
0.105937
0.0943052
0.122608
0.090501
0.102338
0.097673
0.123987
0.0924299
0.105919
0.0986435
0.107544
0.122238
0.110465
0.0930836
0.0867966
0.089591
0.104744
0.0993739
0.114862
0.111733
0.107075
0.118398
0.106625
0.0870162
0.108219
0.108494
0.110259
0.125413
0.121029
0.097143
0.119815
0.0882201
0.113553
0.0960362
0.11167
0.098289
0.129703
0.088424
0.104692
0.132691
0.110957
0.10979
0.113743
0.109878
0.108608
0.115961
0.0868961
0.104422
0.100342
0.107499
0.116837
0.0950433
0.107718
0.101265
0.113881
0.124187
0.109316
0.110768
0.103401
0.0921436
0.112563
0.093075
0.102974
0.10815
0.112783
0.110739
0.104744
0.0912646
0.11247
0.110637
0.0955077
0.107186
0.0957362
0.113637
0.114355
0.106936
0.118572
0.097618
0.0970883
0.126076
0.0953096
0.0929058
0.093825
0.103345
0.0984505
0.0983448
0.121083
0.100435
0.125279
0.105914
0.110579
0.111016
0.109676
0.105382
0.0982829
0.104616
0.114845
0.114562
0.119296
0.119212
0.0926949
0.0964491
0.118153
0.102848
0.130213
0.097491
0.115922
0.106477
0.122828
0.112069
0.100212
0.0964924
0.106881
0.0998467
0.109631
0.114135
0.114118
0.0938202
0.0980955
0.0905317
0.0987167
0.0988465
0.101881
0.0994634
0.0774284
0.112451
0.103386
0.105649
0.113288
0.107788
0.132304
0.0955106
0.115087
0.0912931
0.11113
0.10732
0.0928236
0.0902644
0.107791
0.125927
0.0967059
0.096059
0.0971453
0.105736
0.105893
0.106699
0.135046
0.112546
0.0990023
0.122933
0.106372
0.0957442
0.108781
0.0914124
0.100192
0.0964902
0.12278
0.0966962
0.101413
0.120721
0.0914507
0.0874318
0.109173
0.0867726
0.112163
0.10664
0.118951
0.11439
0.109385
0.118837
0.110004
0.0955157
0.107796
0.113135
0.128519
0.0890086
0.0982609
0.110733
0.0954775
0.102983
0.106618
0.121161
0.0941892
0.0951778
0.103435
0.113511
0.0922227
0.114475
0.106778
0.109695
0.12001
0.116536
0.108033
0.111775
0.112285
0.109195
0.105499
0.120144
0.115661
0.114203
0.105524
0.103934
0.106385
0.110721
0.0957641
0.117119
0.114647
0.109727
0.109722
0.0999454
0.105023
0.0989742
0.105064
0.103517
0.102463
0.125411
0.108023
0.144745
0.102309
0.119883
0.108301
0.0975744
0.107986
0.099886
0.107079
0.0960347
0.109144
0.111553
0.106457
0.0970868
0.122797
0.0970061
0.11046
0.120456
0.101875
0.105104
0.104753
0.110475
0.12993
0.109682
0.0934977
0.109897
0.114418
0.113261
0.106818
0.108387
0.0978857
0.111812
0.108407
0.121679
0.0974226
0.101818
0.105423
0.0970767
0.0902517
0.112578
0.0933451
0.0862019
0.0999773
0.0964693
0.11496
0.107355
0.115012
0.111272
0.123897
0.103305
0.0986256
0.115227
0.105897
0.108719
0.103129
0.0873687
0.11937
0.0889878
0.112796
0.112153
0.140957
0.10317
0.125204
0.114026
0.104093
0.0800103
0.0852774
0.110525
0.112274
0.117113
0.1045
0.100309
0.117256
0.106386
0.112403
0.122243
0.112688
0.113108
0.130757
0.113965
0.117532
0.0964947
0.113509
0.0984947
0.100607
0.096976
0.109316
0.0848666
0.121634
0.121298
0.123102
0.102901
0.112315
0.0907967
0.120651
0.101216
0.0938037
0.104565
0.125663
0.0982511
0.0881444
0.120076
0.0975554
0.10004
0.105074
0.102069
0.111474
0.0995623
0.135085
0.0799723
0.0943738
0.114763
0.124263
0.0999723
0.121146
0.0958656
0.101253
0.0954744
0.107151
0.12834
0.0959029
0.132314
0.0861966
0.122773
0.105966
0.103331
0.100515
0.105782
0.107105
0.098891
0.0876258
0.0979681
0.103725
0.10647
0.0900385
0.105953
0.0933957
0.112777
0.121468
0.118125
0.105401
0.106725
0.0942346
0.0918796
0.104896
0.120257
0.100463
0.108123
0.117541
0.106738
0.103845
0.109864
0.105061
0.10516
0.118455
0.108937
0.0971978
0.108024
0.112991
0.118297
0.126435
0.0988712
0.0968735
0.104661
0.113798
0.0932306
0.132956
0.109775
0.0958669
0.092739
0.104618
0.101425
0.114422
0.104471
0.108084
0.117553
0.103191
0.116514
0.120328
0.118127
0.11689
0.096949
0.0914684
0.110762
0.10119
0.0741805
0.112018
0.119774
0.0985838
0.110316
0.111994
0.10728
0.110755
0.113231
0.106572
0.112884
0.0923408
0.104671
0.100922
0.0947865
0.0832582
0.105321
0.113451
0.10214
0.107074
0.131167
0.0914171
0.116401
0.0915409
0.0949284
0.114651
0.101484
0.102108
0.0891346
0.097086
0.111716
0.111316
0.0937802
0.107508
0.100695
0.100558
0.109899
0.102096
0.124643
0.0988716
0.0896439
0.110994
0.1067
0.0990259
0.107314
0.115608
0.0936816
0.107566
0.111772
0.102665
0.103842
0.118474
0.134094
0.114359
0.105705
0.0960835
0.112726
0.106472
0.0819432
0.0972663
0.128586
0.0986111
0.110441
0.0879652
0.109652
0.110629
0.111486
0.115881
0.112621
0.117167
0.112709
0.113286
0.0936089
0.101455
0.10243
0.106612
0.107409
0.0854165
0.0798194
0.118908
0.107043
0.102103
0.115939
0.104128
0.116739
0.0897488
0.102585
0.110591
0.101551
0.100897
0.0987187
0.11123
0.105934
0.085691
0.105319
0.0972042
0.0836597
0.0987908
0.0999649
0.11889
0.115082
0.0956853
0.110459
0.122421
0.105245
0.112239
0.103144
0.0983337
0.113484
0.101222
0.112487
0.100323
0.120263
0.106641
0.0972667
0.121181
0.11953
0.098193
0.122078
0.101946
0.108078
0.124827
0.115274
0.0971812
0.0949919
0.117714
0.0905506
0.095334
0.103282
0.115715
0.10188
0.103887
0.121108
0.0969861
0.101413
0.108929
0.112653
0.0968977
0.122279
0.110363
0.116722
0.124583
0.112588
0.119476
0.100589
0.10778
0.0982218
0.0823226
0.103539
0.0944415
0.11289
0.110933
0.105461
0.130867
0.0989508
0.0899361
0.104099
0.109533
0.0948554
0.11823
0.115496
0.108941
0.121603
0.106255
0.0937745
0.110689
0.0949674
0.108282
0.106388
0.102564
0.101309
0.11539
0.0969723
0.123175
0.109549
0.120303
0.116045
0.102654
0.108508
0.124081
0.103169
0.114171
0.115855
0.109623
0.0866512
0.109677
0.0914659
0.122137
0.107862
0.116567
0.0998902
0.119957
0.0881101
0.114585
0.0852238
0.113071
0.125835
0.121546
0.126875
0.110718
0.0841455
0.11728
0.106614
0.105893
0.105234
0.0978094
0.108097
0.118881
0.0989577
0.0992946
0.116888
0.09089
0.0909951
0.10334
0.132829
0.126219
0.111136
0.129765
0.124124
0.110036
0.121402
0.109233
0.114478
0.1097
0.119564
0.10478
0.114166
0.122226
0.100285
0.0999208
0.10301
0.102082
0.117718
0.0843799
0.119655
0.123627
0.104852
0.10238
0.114687
0.0997864
0.116785
0.105024
0.0821604
0.0975709
0.126588
0.0967483
0.0981341
0.119402
0.109859
0.112588
0.102201
0.0919195
0.107196
0.104923
0.116032
0.122774
0.0897197
0.103723
0.120078
0.115772
0.102535
0.138271
0.110686
0.106375
0.0850328
0.101444
0.10297
0.0986089
0.104082
0.107406
0.0879068
0.0991735
0.116577
0.10196
0.0950211
0.102222
0.120942
0.113129
0.0983285
0.101077
0.124338
0.116485
0.114414
0.104723
0.115122
0.101506
0.117989
0.107892
0.101609
0.0916996
0.0979209
0.114175
0.119518
0.108314
0.115368
0.12211
0.0923467
0.114546
0.111651
0.106963
0.112484
0.0910253
0.0947718
0.10912
0.111768
0.103453
0.0921023
0.094652
0.112417
0.0938941
0.0879512
0.117057
0.12125
0.106844
0.108625
0.102647
0.0836391
0.114255
0.0973172
0.121489
0.0872832
0.0952688
0.09811
0.109636
0.110287
0.109728
0.11969
0.0866804
0.108271
0.104224
0.0900941
0.132076
0.110039
0.0911611
0.102001
0.0995898
0.0984081
0.0871305
0.111958
0.105635
0.10178
0.10571
0.12257
0.108614
0.102721
0.0946935
0.106586
0.1187
0.1181
0.114653
0.0913155
0.101365
0.115669
0.126435
0.106678
0.111781
0.111375
0.0833117
0.117944
0.125122
0.13873
0.098613
0.110769
0.104535
0.100219
0.118353
0.0990906
0.112169
0.105399
0.102044
0.0943179
0.0986524
0.107471
0.118723
0.104549
0.115509
0.0950658
0.0961785
0.121133
0.112172
0.0877554
0.112459
0.111247
0.106994
0.112196
0.101248
0.127141
0.0998904
0.101605
0.0997268
0.101207
0.1131
0.120018
0.112292
0.118627
0.126358
0.109042
0.110741
0.10596
0.104922
0.106511
0.104355
0.110989
0.114827
0.111959
0.0888503
0.126249
0.107532
0.0975502
0.0924429
0.121872
0.0936768
0.112549
0.111443
0.0983926
0.0870994
0.101497
0.121049
0.113543
0.101601
0.0991965
0.100098
0.111213
0.108593
0.109652
0.0970194
0.0933961
0.107045
0.103265
0.110167
0.115286
0.10798
0.125574
0.0941778
0.134895
0.0948612
0.12705
0.117905
0.103892
0.106673
0.116404
0.11235
0.109754
0.109512
0.109845
0.101037
0.0973855
0.0925009
0.105844
0.107861
0.0918884
0.0997305
0.0924844
0.0926657
0.108925
0.0929595
0.10178
0.0861443
0.116362
0.0928799
0.0845931
0.103846
0.0910436
0.104051
0.0951378
0.112425
0.105768
0.108797
0.119664
0.0989679
0.0992064
0.119385
0.0970565
0.110864
0.106299
0.0995627
0.0975333
0.118758
0.107836
0.0930678
0.113313
0.112544
0.10687
0.110424
0.107732
0.106875
0.0980573
0.107473
0.110816
0.114065
0.0995673
0.0932405
0.116828
0.107325
0.0870561
0.107326
0.0983447
0.0899537
0.114325
0.129459
0.098082
0.100449
0.0791961
0.0915679
0.124614
0.105978
0.0994136
0.119947
0.10331
0.0991186
0.1081
0.107629
0.112927
0.111243
0.100042
0.10982
0.137455
0.101842
0.1139
0.121028
0.117649
0.113657
0.100942
0.1081
0.106071
0.113932
0.101665
0.113147
0.107281
0.110693
0.0972847
0.104297
0.0877909
0.0920081
0.118109
0.118243
0.119556
0.111722
0.12801
0.0953032
0.0968214
0.107442
0.0987979
0.111714
0.119375
0.0863989
0.0844173
0.11008
0.122909
0.124757
0.110942
0.107628
0.0992714
0.122801
0.100035
0.106822
0.112355
0.103869
0.0961318
0.113253
0.0995305
0.114793
0.118813
0.0926847
0.124796
0.115535
0.0890049
0.105415
0.107264
0.118842
0.105156
0.103167
0.113415
0.107127
0.10493
0.121233
0.0933045
0.108825
0.117029
0.122307
0.0855629
0.0878186
0.122049
0.0970699
0.0912546
0.101506
0.0970738
0.106599
0.116395
0.0946953
0.106881
0.0987493
0.109228
0.0962118
0.0972564
0.0956049
0.10544
0.0994027
0.0915932
0.0998604
0.107185
0.0801801
0.104572
0.0954615
0.0997697
0.090209
0.113867
0.0944479
0.111425
0.108077
0.120032
0.128158
0.107796
0.1024
0.116962
0.112075
0.111236
0.127013
0.109411
0.1106
0.103346
0.116429
0.106601
0.105115
0.110661
0.0909585
0.109928
0.0966995
0.130692
0.109494
0.116468
0.116188
0.108538
0.0961006
0.122344
0.117694
0.12715
0.106409
0.103982
0.105045
0.112212
0.123063
0.0986207
0.107437
0.109559
0.104101
0.10484
0.111859
0.0944247
0.112605
0.108649
0.117339
0.11587
0.0977369
0.117097
0.122501
0.123878
0.0982824
0.116947
0.119498
0.113569
0.0900327
0.0979061
0.111255
0.116853
0.119204
0.0985146
0.107019
0.102107
0.105082
0.0996123
0.102749
0.127748
0.112383
0.0976574
0.121579
0.0867429
0.0877064
0.102619
0.128001
0.0975784
0.101301
0.110615
0.111695
0.0895033
0.0872829
0.112538
0.106336
0.104133
0.113334
0.0816015
0.107872
0.134811
0.115006
0.122691
0.103168
0.129513
0.113547
0.0859087
0.0938029
0.0814766
0.104973
0.111642
0.10352
0.100146
0.102787
0.109658
0.0982148
0.120619
0.128862
0.100751
0.115275
0.114084
0.104613
0.104196
0.094177
0.0903947
0.110731
0.102599
0.135601
0.0949188
0.107757
0.12853
0.128646
0.0919807
0.108137
0.115214
0.137638
0.119971
0.092093
0.0922008
0.0823883
0.112514
0.11669
0.112951
0.0898868
0.103926
0.0906096
0.0939042
0.109689
0.0954248
0.108975
0.102802
0.114448
0.104685
0.119941
0.0944922
0.102617
0.0934701
0.102578
0.130362
0.0989964
0.100166
0.10184
0.0921083
0.0966834
0.116287
0.132021
0.096017
0.101595
0.115969
0.0883118
0.0972453
0.102425
0.128596
0.108023
0.0911886
0.103887
0.147813
0.0978213
0.120438
0.109249
0.109417
0.0907047
0.115243
0.12657
0.111692
0.0953895
0.0980061
0.0932004
0.0992736
0.124364
0.12949
0.106086
0.099477
0.115338
0.0894604
0.101808
0.112931
0.0929932
0.0996053
0.121324
0.0931857
0.0887173
0.101648
0.0952298
0.109404
0.091523
0.0890391
0.132519
0.118597
0.0987295
0.116236
0.0968714
0.130935
0.110652
0.0928753
0.105408
0.107373
0.0968049
0.094871
0.122431
0.0956902
0.0952955
0.105715
0.139893
0.121376
0.111852
0.119311
0.108618
0.10984
0.0959758
0.10078
0.11182
0.11371
0.10999
0.114429
0.132002
0.105184
0.0998017
0.123772
0.110912
0.116584
0.122166
0.111272
0.0881784
0.114772
0.0887415
0.104375
0.112337
0.103752
0.0996443
0.10608
0.103746
0.0898829
0.108328
0.0950951
0.103288
0.106632
0.138151
0.099464
0.099594
0.0989749
0.116131
0.0857568
0.106567
0.0994961
0.121302
0.0961804
0.105632
0.115136
0.116835
0.123974
0.114425
0.0941752
0.116987
0.132905
0.105684
0.103468
0.0918898
0.0999884
0.121364
0.103068
0.1134
0.088686
0.116961
0.10388
0.102767
0.0978907
0.109366
0.0815891
0.0930127
0.0822161
0.108554
0.10551
0.105975
0.100609
0.108427
0.10139
0.112533
0.125899
0.0973907
0.1134
0.10711
0.111629
0.121843
0.102953
0.0982355
0.110267
0.0997574
0.0908064
0.110463
0.0965903
0.113553
0.115573
0.0991842
0.0968965
0.124921
0.111554
0.0988491
0.111771
0.101621
0.1093
0.119875
0.120029
0.103181
0.106828
0.0904296
0.114166
0.119846
0.113063
0.111034
0.110093
0.105983
0.0992011
0.117662
0.117668
0.101535
0.135978
0.0971372
0.104546
0.109561
0.0947135
0.0966757
0.116976
0.107119
0.0962793
0.0950828
0.116425
0.102615
0.101963
0.123847
0.100401
0.0962022
0.112033
0.125528
0.102188
0.093227
0.101588
0.11655
0.103431
0.113414
0.0966026
0.0841837
0.0917335
0.121619
0.117227
0.0928125
0.106841
0.0975081
0.0846651
0.109153
0.0950846
0.0938876
0.102013
0.114287
0.112255
0.101296
0.103413
0.104416
0.0954002
0.0861665
0.0954792
0.122446
0.115152
0.104616
0.111041
0.106976
0.117248
0.119963
0.105479
0.124968
0.111454
0.107476
0.0934379
0.116785
0.123497
0.0924051
0.106248
0.102822
0.121361
0.10268
0.115137
0.105715
0.095315
0.0923543
0.117944
0.104585
0.10825
0.0965311
0.107377
0.0983001
0.126401
0.105342
0.103227
0.104089
0.0997494
0.118566
0.119178
0.116544
0.0961031
0.11934
0.100192
0.109345
0.104328
0.101805
0.11067
0.114903
0.0954723
0.124781
0.100805
0.0968882
0.113529
0.112044
0.113319
0.115846
0.107931
0.107094
0.122259
0.0987986
0.113072
0.12214
0.107933
0.0820878
0.103161
0.107031
0.111303
0.100269
0.115864
0.109682
0.129472
0.09202
0.118822
0.103316
0.127688
0.112554
0.107405
0.117672
0.104361
0.103924
0.0951871
0.0984952
0.13013
0.138453
0.0883528
0.122895
0.120361
0.124421
0.104161
0.122001
0.116361
0.102091
0.130658
0.117948
0.103626
0.0960727
0.109324
0.0930381
0.123871
0.10236
0.0863357
0.0848127
0.11004
0.103101
0.115989
0.123947
0.106057
0.098953
0.104106
0.106532
0.116919
0.107696
0.101029
0.106146
0.124241
0.0817423
0.120967
0.11037
0.108353
0.0960242
0.114862
0.10266
0.0996899
0.0997404
0.108972
0.111727
0.127811
0.0805809
0.108537
0.115033
0.100386
0.11259
0.109826
0.102634
0.107488
0.107669
0.110311
0.100585
0.112173
0.104997
0.102804
0.106262
0.10018
0.0977227
0.101772
0.10254
0.101973
0.116659
0.107459
0.0919203
0.107223
0.102662
0.11556
0.11196
0.109991
0.114509
0.102288
0.120744
0.114227
0.122842
0.11332
0.10884
0.120645
0.112505
0.111154
0.108761
0.108943
0.104825
0.103453
0.111946
0.0984845
0.104528
0.107796
0.106707
0.102745
0.103376
0.121677
0.122222
0.110906
0.0951915
0.115148
0.105965
0.0896721
0.103041
0.107418
0.0919806
0.106798
0.1226
0.113493
0.117591
0.0870813
0.0969122
0.100113
0.104508
0.105942
0.118205
0.110519
0.119548
0.107612
0.0993302
0.105302
0.109774
0.115355
0.119953
0.100302
0.101403
0.100642
0.0992061
0.114743
0.114514
0.103216
0.103956
0.11456
0.130784
0.114623
0.0934677
0.0738364
0.103578
0.11772
0.1049
0.0889749
0.120327
0.0952607
0.12979
0.102342
0.107441
0.0978832
0.11426
0.093192
0.106444
0.124071
0.107122
0.0975808
0.088383
0.105871
0.0915431
0.107608
0.10992
0.118184
0.0968598
0.117095
0.0969803
0.126731
0.106455
0.102385
0.107908
0.116744
0.118535
0.121253
0.110731
0.11379
0.116643
0.11023
0.103438
0.0961174
0.107977
0.0910915
0.109642
0.105238
0.106753
0.108295
0.100609
0.119871
0.114081
0.107051
0.110641
0.104268
0.120471
0.128391
0.117081
0.104031
0.1173
0.107333
0.111082
0.0937692
0.112495
0.116922
0.105753
0.104249
0.119625
0.106429
0.108282
0.103945
0.100915
0.0987648
0.103854
0.118595
0.109948
0.114018
0.114327
0.10254
0.109461
0.114787
0.0904291
0.0838624
0.0966904
0.106559
0.107626
0.0979751
0.100333
0.0912532
0.106232
0.102686
0.107773
0.102086
0.097091
0.112263
0.107378
0.125594
0.118371
0.101743
0.111734
0.101758
0.137393
0.111558
0.110589
0.104113
0.10184
0.100457
0.114682
0.104062
0.105963
0.12169
0.08819
0.117068
0.0887597
0.0975014
0.125044
0.110552
0.0918413
0.0815626
0.0950781
0.121556
0.101697
0.101407
0.109905
0.116593
0.132637
0.111427
0.103448
0.0987969
0.111546
0.129299
0.125789
0.101581
0.0994002
0.0961952
0.101417
0.110253
0.100171
0.121723
0.111417
0.102701
0.0966838
0.0942851
0.100116
0.0839089
0.0841873
0.111562
0.104721
0.116994
0.115318
0.101282
0.1072
0.105392
0.115013
0.0907328
0.13555
0.106117
0.0937544
0.0936419
0.110651
0.0916531
0.119253
0.0899514
0.12333
0.101686
0.0931868
0.107889
0.109991
0.107157
0.101964
0.106817
0.116966
0.114517
0.0922734
0.124153
0.10985
0.116819
0.104325
0.114376
0.117758
0.123986
0.115447
0.101552
0.09159
0.100994
0.104278
0.131843
0.125925
0.100307
0.0921333
0.0855359
0.0999999
0.0861776
0.108123
0.105986
0.101438
0.0891337
0.0886611
0.111723
0.0908328
0.104328
0.0987432
0.102205
0.128701
0.117642
0.117129
0.110431
0.106836
0.0969996
0.107488
0.114466
0.124604
0.0995507
0.119341
0.0868358
0.121492
0.122597
0.0945957
0.110188
0.0933802
0.125206
0.0974594
0.0913575
0.105144
0.118235
0.103147
0.0879096
0.0965818
0.120811
0.0994848
0.0976028
0.106722
0.103618
0.121419
0.0950243
0.0934536
0.113616
0.109302
0.105624
0.103901
0.120763
0.0891104
0.108407
0.0916607
0.10462
0.120506
0.112923
0.112895
0.0893479
0.0968714
0.0985627
0.138336
0.0831671
0.113756
0.130547
0.11124
0.103428
0.0938121
0.0917454
0.102443
0.0906903
0.120309
0.10993
0.0916043
0.0975049
0.128641
0.103582
0.114994
0.106951
0.1102
0.100427
0.102645
0.11359
0.123324
0.105577
0.108192
0.0881599
0.102097
0.122103
0.09455
0.097917
0.102744
0.115866
0.103237
0.10929
0.107946
0.105275
0.104529
0.126519
0.103854
0.106217
0.110298
0.107113
0.126786
0.122656
0.0945808
0.119344
0.106306
0.121949
0.10535
0.0926152
0.103352
0.108876
0.0961527
0.102923
0.115146
0.0924307
0.0995461
0.105029
0.110148
0.105873
0.0936791
0.104847
0.109422
0.116652
0.128202
0.0978499
0.102872
0.0839571
0.123224
0.101702
0.115528
0.103839
0.111875
0.120844
0.106921
0.126536
0.107493
0.0903899
0.116417
0.0867288
0.0952729
0.11332
0.11592
0.111362
0.0984629
0.11011
0.114507
0.0997542
0.118747
0.0959834
0.0993315
0.113266
0.0986737
0.102571
0.0949018
0.105865
0.099737
0.0908832
0.0866882
0.116078
0.106926
0.116064
0.10202
0.100792
0.106176
0.10868
0.127481
0.108108
0.116756
0.110442
0.109201
0.100062
0.101233
0.112091
0.0821725
0.1027
0.0911078
0.103746
0.116675
0.0971834
0.0940288
0.115056
0.109853
0.105362
0.117934
0.12292
0.10686
0.102339
0.11004
0.111797
0.0978348
0.0949156
0.111521
0.0974503
0.110963
0.117602
0.112723
0.108745
0.125005
0.104102
0.114604
0.106685
0.106975
0.124559
0.0879439
0.0978336
0.0938961
0.104271
0.107975
0.10829
0.0864439
0.118476
0.118655
0.115407
0.107648
0.123139
0.108516
0.116913
0.112288
0.0946282
0.125333
0.0868629
0.118679
0.121079
0.112871
0.0956477
0.0936798
0.110567
0.09206
0.101251
0.115401
0.101728
0.0892213
0.109356
0.100634
0.101022
0.103212
0.0964341
0.0970798
0.0884845
0.114606
0.112114
0.121727
0.126693
0.100777
0.111852
0.0968377
0.10414
0.113161
0.101545
0.0995997
0.0957874
0.103535
0.103645
0.122042
0.101883
0.0928266
0.0877789
0.0989355
0.089867
0.101699
0.0984426
0.0781758
0.107174
0.107182
0.108606
0.115778
0.0935844
0.126945
0.0999852
0.097487
0.102948
0.11818
0.104335
0.100948
0.105919
0.0924517
0.106716
0.112366
0.12211
0.11364
0.10841
0.101633
0.0965116
0.102602
0.11747
0.123853
0.120902
0.101869
0.12301
0.0850491
0.125825
0.0967588
0.100763
0.123308
0.0984059
0.114277
0.111794
0.099163
0.0911459
0.098364
0.0934075
0.0970971
0.0983048
0.104624
0.0995964
0.0962086
0.108729
0.0903324
0.102621
0.0998619
0.09915
0.0976193
0.102707
0.0929894
0.0980131
0.0983641
0.0840179
0.0933412
0.100899
0.10365
0.0976821
0.112059
0.106499
0.105674
0.109237
0.105521
0.13255
0.0980715
0.100334
0.112121
0.111426
0.110767
0.0963262
0.107373
0.121076
0.0966699
0.110424
0.114473
0.108915
0.106685
0.116534
0.0998031
0.0947508
0.110683
0.116973
0.0983383
0.120564
0.109495
0.0935474
0.108419
0.100607
0.10318
0.109794
0.0974546
0.104006
0.0811708
0.0858335
0.118169
0.111104
0.101048
0.116209
0.114273
0.105942
0.113772
0.113654
0.112731
0.101331
0.128894
0.0950258
0.111807
0.0928443
0.111058
0.103415
0.0844014
0.114258
0.108684
0.106267
0.116882
0.106141
0.115959
0.109324
0.107259
0.118829
0.0948791
0.105744
0.105449
0.101659
0.0890972
0.124474
0.0891673
0.0983913
0.092529
0.10033
0.110836
0.0909875
0.108773
0.107895
0.108543
0.106032
0.1164
0.103285
0.0852122
0.107627
0.121192
0.119086
0.0936789
0.0983278
0.109657
0.105594
0.119836
0.117448
0.104925
0.0961513
0.0923034
0.0987517
0.0994712
0.100062
0.132894
0.110018
0.103955
0.110509
0.100817
0.105493
0.114088
0.111013
0.105687
0.123121
0.101816
0.106483
0.117146
0.0975781
0.10736
0.121865
0.0914562
0.109601
0.10947
0.0981709
0.0978167
0.0986699
0.106778
0.111194
0.102302
0.0819177
0.133244
0.0859155
0.102693
0.110117
0.0899259
0.113352
0.120162
0.0946176
0.101198
0.127564
0.103867
0.103469
0.121332
0.104518
0.0988244
0.107597
0.108878
0.121878
0.103379
0.113804
0.114456
0.104516
0.0980588
0.11542
0.103539
0.117111
0.109994
0.10241
0.126846
0.115544
0.0946488
0.117695
0.106005
0.103142
0.111957
0.10272
0.102944
0.0917464
0.102538
0.09156
0.118611
0.11313
0.114263
0.0863158
0.104351
0.111655
0.0989404
0.100934
0.109626
0.111746
0.10488
0.0990265
0.0871673
0.117493
0.102613
0.127972
0.112489
0.103045
0.118587
0.10149
0.137431
0.103772
0.11424
0.117968
0.0984161
0.106664
0.110115
0.109846
0.109703
0.124891
0.1051
0.114805
0.0941094
0.114604
0.128261
0.120373
0.116536
0.104214
0.110344
0.105
0.111664
0.104049
0.105206
0.0926859
0.111739
0.119606
0.130869
0.120628
0.100312
0.112568
0.116856
0.116102
0.105161
0.103228
0.11274
0.0986688
0.101988
0.100258
0.112174
0.117019
0.0730345
0.129257
0.111258
0.102158
0.107905
0.104402
0.106431
0.100657
0.102611
0.116047
0.104547
0.125052
0.112696
0.113621
0.0961632
0.106279
0.0958427
0.0985519
0.110762
0.103019
0.101172
0.105391
0.116533
0.122669
0.11786
0.0989643
0.112276
0.104343
0.104847
0.117607
0.0853737
0.092644
0.118468
0.101211
0.108557
0.0983187
0.114804
0.123827
0.126952
0.111651
0.0930543
0.136153
0.100125
0.105022
0.0970446
0.115371
0.0986558
0.109346
0.0992628
0.100959
0.117113
0.102897
0.114332
0.104776
0.105079
0.105852
0.104664
0.104111
0.108931
0.101359
0.114513
0.11968
0.109347
0.108692
0.10125
0.110635
0.104319
0.113181
0.121402
0.106716
0.0989927
0.110254
0.124855
0.115423
0.0993563
0.104341
0.10673
0.121495
0.11178
0.119409
0.0997974
0.11987
0.104171
0.0874195
0.12143
0.0940591
0.116681
0.102201
0.0915892
0.110937
0.115785
0.13294
0.0892874
0.104703
0.107324
0.114155
0.103674
0.120746
0.122213
0.102612
0.124992
0.126393
0.117906
0.105364
0.109546
0.115965
0.110856
0.0964775
0.106989
0.102354
0.118947
0.104985
0.121336
0.109224
0.100537
0.0917198
0.104909
0.108456
0.120522
0.102944
0.119222
0.112102
0.0890665
0.117604
0.122023
0.100939
0.117109
0.0936367
0.0948657
0.111714
0.0998455
0.119808
0.117986
0.11314
0.0958049
0.107939
0.100369
0.0962058
0.0899022
0.101511
0.094465
0.100421
0.137081
0.101533
0.102588
0.101864
0.100188
0.0959783
0.101044
0.103182
0.123933
0.118713
0.11096
0.119282
0.100485
0.115362
0.106349
0.118174
0.0988123
0.115086
0.118573
0.107512
0.109828
0.101536
0.114757
0.105494
0.115577
0.111995
0.098246
0.106012
0.102731
0.106186
0.0992671
0.120307
0.105688
0.100056
0.109684
0.112658
0.0931152
0.114516
0.10153
0.0793466
0.110056
0.0997559
0.103354
0.104141
0.0999283
0.0799616
0.110625
0.110954
0.0952434
0.104097
0.101646
0.0933136
0.0980275
0.105445
0.127395
0.120397
0.103405
0.110634
0.107784
0.0924871
0.14254
0.112461
0.113811
0.115318
0.10674
0.0986865
0.105545
0.107442
0.106262
0.137249
0.0934126
0.110261
0.0923639
0.0947408
0.099461
0.0904992
0.0938971
0.115112
0.0959901
0.112602
0.119044
0.0977024
0.112831
0.11181
0.10272
0.105698
0.0985786
0.11267
0.122409
0.119782
0.106402
0.125124
0.105099
0.0975354
0.120006
0.11652
0.112491
0.132853
0.0905541
0.0934136
0.101266
0.0896694
0.10643
0.118474
0.120177
0.122781
0.114603
0.114981
0.0960649
0.110558
0.105318
0.0967726
0.0919043
0.123935
0.119689
0.0839034
0.0878661
0.10111
0.105909
0.0921679
0.100725
0.123309
0.113594
0.0930436
0.117985
0.10733
0.1128
0.104945
0.0965098
0.114481
0.0966109
0.0996943
0.126617
0.111729
0.130188
0.0887619
0.0990998
0.101866
0.0945074
0.0960625
0.108948
0.0948517
0.106786
0.0936601
0.107761
0.0986233
0.127602
0.103325
0.096326
0.110346
0.112162
0.118746
0.113122
0.0991501
0.134422
0.1122
0.0910371
0.103148
0.096278
0.108318
0.117205
0.101316
0.102637
0.100869
0.122395
0.113899
0.124394
0.0991059
0.109534
0.0971818
0.0919518
0.120498
0.105376
0.0997053
0.0941398
0.107542
0.0862014
0.105408
0.100401
0.117461
0.10224
0.106504
0.0958622
0.113813
0.098736
0.0945127
0.0999745
0.101277
0.111832
0.128709
0.120083
0.10125
0.103797
0.0861212
0.107437
0.0911942
0.104519
0.0944557
0.112055
0.100824
0.106742
0.117156
0.115778
0.114245
0.0976226
0.0996833
0.10058
0.118986
0.102588
0.104505
0.0968215
0.108046
0.0935601
0.10819
0.11753
0.0897137
0.1026
0.101644
0.119487
0.124947
0.0759408
0.106354
0.0956265
0.109313
0.107384
0.0929774
0.0765266
0.0861336
0.116197
0.0988474
0.115891
0.115454
0.112407
0.0931443
0.11567
0.105255
0.119261
0.100955
0.0951863
0.0958579
0.105818
0.105319
0.0959402
0.102865
0.102109
0.101507
0.107523
0.102961
0.107755
0.0970117
0.0994941
0.11451
0.104153
0.0941933
0.109144
0.0878984
0.115345
0.0945739
0.0994986
0.113925
0.104164
0.105446
0.095701
0.104413
0.0815934
0.108986
0.10238
0.117027
0.0939914
0.111209
0.100509
0.0997925
0.105794
0.0947406
0.0997751
0.113768
0.120495
0.115183
0.112672
0.10468
0.111111
0.10128
0.11567
0.128385
0.102236
0.0958183
0.114933
0.0896992
0.105477
0.116465
0.0915461
0.132533
0.115428
0.0970831
0.113093
0.096227
0.111516
0.102304
0.0895815
0.107389
0.0925643
0.113323
0.111404
0.141517
0.130072
0.103247
0.115874
0.118609
0.0996559
0.106753
0.124035
0.0997593
0.121106
0.115503
0.0951443
0.0992258
0.103999
0.0965894
0.0895863
0.105316
0.0897378
0.0946278
0.111789
0.0941197
0.10249
0.0961639
0.112179
0.113573
0.114494
0.114136
0.117254
0.101958
0.0995519
0.117239
0.103255
0.0910838
0.0878864
0.108908
0.111177
0.111055
0.113525
0.122113
0.100062
0.0946282
0.105764
0.0996989
0.106591
0.13054
0.114936
0.09561
0.108579
0.117214
0.107809
0.10951
0.0901961
0.10071
0.130589
0.103214
0.0874636
0.110457
0.0991289
0.113653
0.106372
0.115215
0.111479
0.101172
0.0997067
0.113707
0.111676
0.121726
0.109373
0.136146
0.126451
0.104277
0.120077
0.129049
0.0986929
0.0973138
0.0945933
0.0958583
0.0899363
0.107326
0.119214
0.111306
0.0987464
0.116449
0.088019
0.103936
0.09686
0.0957605
0.0958684
0.106519
0.100676
0.107018
0.100259
0.12585
0.13342
0.11267
0.106429
0.106069
0.103199
0.10854
0.110708
0.117968
0.109637
0.111262
0.0921742
0.0980102
0.106442
0.101463
0.103473
0.118041
0.109453
0.103434
0.0923585
0.0941222
0.101203
0.120759
0.12428
0.103643
0.0970327
0.0903778
0.106841
0.0948811
0.101869
0.104553
0.118599
0.129091
0.101239
0.109934
0.0900118
0.113134
0.127478
0.0878589
0.10994
0.103774
0.117241
0.093237
0.10444
0.118167
0.111846
0.107819
0.108976
0.102095
0.109057
0.108506
0.101254
0.0921597
0.111323
0.0992315
0.11843
0.10136
0.10499
0.108056
0.106898
0.119043
0.0984827
0.0864088
0.111361
0.113866
0.0982971
0.100057
0.111036
0.108785
0.0957218
0.116978
0.111123
0.106706
0.120294
0.123577
0.0977078
0.117121
0.0912225
0.117261
0.124689
0.0949975
0.101692
0.111467
0.10742
0.110347
0.0941343
0.0898009
0.108989
0.104871
0.107246
0.0937305
0.116155
0.115404
0.119761
0.107702
0.0912179
0.108855
0.104132
0.106851
0.0988026
0.0970666
0.0987619
0.106142
0.105059
0.107009
0.10148
0.0944466
0.109561
0.0852671
0.10069
0.100635
0.110645
0.110337
0.105824
0.0969497
0.0733057
0.100443
0.108951
0.123244
0.0945007
0.0921031
0.118867
0.0867588
0.0964269
0.09216
0.108299
0.10835
0.113493
0.105258
0.129649
0.100941
0.121121
0.10824
0.114139
0.0863333
0.107014
0.105439
0.103723
0.115388
0.10139
0.0936012
0.0962157
0.110893
0.0976457
0.0989991
0.0826484
0.111
0.0993577
0.115923
0.0943079
0.117142
0.0895891
0.132001
0.112285
0.0956907
0.118456
0.0843172
0.105789
0.111176
0.148363
0.110213
0.0966877
0.10697
0.095058
0.105977
0.118306
0.102049
0.100927
0.111917
0.10465
0.12637
0.096885
0.100558
0.110184
0.0858467
0.0917006
0.0918579
0.103094
0.0971098
0.106625
0.112082
0.098975
0.0886388
0.0915318
0.0931721
0.0888284
0.105866
0.119777
0.106888
0.107852
0.119927
0.118151
0.109261
0.102774
0.0850835
0.131127
0.112245
0.123857
0.107571
0.10739
0.105753
0.120162
0.11438
0.107542
0.0973634
0.105034
0.109123
0.120577
0.110746
0.100717
0.116583
0.0798736
0.1023
0.117335
0.111862
0.121742
0.112522
0.120305
0.110772
0.13052
0.0966118
0.104509
0.105277
0.115941
0.0961797
0.0946965
0.118199
0.111835
0.102322
0.115608
0.120361
0.112907
0.108218
0.125462
0.106409
0.127782
0.100453
0.10556
0.123799
0.104773
0.10151
0.109421
0.115891
0.0944397
0.10576
0.12069
0.114733
0.115136
0.113953
0.0832959
0.121825
0.111677
0.105708
0.107017
0.104032
0.111371
0.0975914
0.0926541
0.115876
0.123955
0.110192
0.100222
0.123148
0.125028
0.0995844
0.0828214
0.115108
0.0888748
0.112349
0.0947193
0.110725
0.119131
0.104062
0.110108
0.125349
0.0962768
0.109183
0.0910802
0.089897
0.108144
0.112497
0.115785
0.0927933
0.111195
0.103324
0.117634
0.0822018
0.109759
0.129006
0.0970824
0.106132
0.109616
0.101694
0.102263
0.111466
0.112322
0.0933877
0.120063
0.0838256
0.113165
0.0957772
0.100024
0.0978429
0.101696
0.102278
0.098199
0.0926301
0.112781
0.12219
0.084011
0.100461
0.121233
0.120873
0.125915
0.117803
0.104344
0.102364
0.120181
0.0929425
0.0972839
0.126939
0.114472
0.119249
0.109028
0.100362
0.106974
0.116833
0.101176
0.110067
0.114939
0.121644
0.117968
0.105732
0.108022
0.118716
0.122158
0.119684
0.0982897
0.109591
0.123621
0.103618
0.107166
0.101402
0.111449
0.113517
0.118754
0.110138
0.11253
0.119044
0.0906986
0.0849848
0.107649
0.111629
0.0949782
0.107289
0.112675
0.112148
0.101353
0.127245
0.131237
0.0983163
0.115509
0.114419
0.110365
0.111245
0.0987061
0.102321
0.113219
0.123538
0.115014
0.118186
0.107214
0.118165
0.113337
0.104574
0.111555
0.0935721
0.101732
0.118394
0.0959858
0.10109
0.126743
0.112502
0.11487
0.100534
0.141148
0.105628
0.112891
0.11789
0.0905897
0.111523
0.0804708
0.102052
0.107065
0.10679
0.126333
0.0999085
0.104783
0.0964597
0.106878
0.0950195
0.0891385
0.105107
0.114419
0.123482
0.102435
0.108298
0.0972807
0.120793
0.108256
0.0897942
0.0974626
0.105024
0.0984295
0.102132
0.0983092
0.112177
0.112194
0.119343
0.097922
0.0898936
0.101262
0.0944508
0.103976
0.0954888
0.108673
0.114515
0.125745
0.110863
0.108967
0.127335
0.106958
0.112505
0.113138
0.102397
0.105851
0.0900997
0.109708
0.104312
0.115767
0.103372
0.112587
0.127368
0.0908436
0.0890268
0.113792
0.101637
0.111081
0.115885
0.11493
0.11579
0.100464
0.120984
0.102267
0.114187
0.099049
0.122114
0.115509
0.0881254
0.0958984
0.107281
0.0949872
0.0998568
0.11487
0.103541
0.0950079
0.113708
0.0966085
0.0995482
0.10351
0.10403
0.128283
0.123648
0.094705
0.105161
0.110039
0.0930499
0.108956
0.111545
0.122452
0.112103
0.0982453
0.0864646
0.114065
0.114431
0.143503
0.123695
0.106084
0.093228
0.102096
0.105867
0.114578
0.113655
0.0931145
0.108639
0.123342
0.111361
0.101953
0.127652
0.112169
0.111105
0.105902
0.121778
0.0961988
0.104903
0.0804927
0.101699
0.112075
0.12737
0.109099
0.0961305
0.103539
0.108906
0.093522
0.100145
0.106657
0.117585
0.104539
0.110937
0.0996108
0.124499
0.10346
0.0955346
0.120666
0.118787
0.109472
0.0913734
0.103075
0.109313
0.0925163
0.102699
0.109628
0.0950476
0.114166
0.0998396
0.11366
0.100282
0.124777
0.114055
0.109229
0.10419
0.0993139
0.0922625
0.134919
0.0956359
0.119215
0.109114
0.0979496
0.117066
0.110074
0.107447
0.10842
0.0922271
0.106538
0.112247
0.109821
0.0958126
0.108978
0.108545
0.0960648
0.111229
0.11041
0.113852
0.102191
0.116504
0.1002
0.136129
0.123657
0.104053
0.110747
0.120195
0.103278
0.107523
0.100629
0.0894179
0.116476
0.106288
0.113391
0.106625
0.105524
0.100644
0.0892487
0.0985242
0.107487
0.0919898
0.084789
0.106241
0.106905
0.111732
0.109674
0.118733
0.0936513
0.106391
0.0960121
0.115503
0.111216
0.10947
0.0995013
0.123064
0.119577
0.117096
0.118399
0.105697
0.120411
0.109199
0.104207
0.111631
0.110146
0.11676
0.113669
0.0968961
0.0986187
0.0916051
0.0964632
0.120467
0.11537
0.105714
0.110296
0.0828223
0.123685
0.100946
0.143498
0.097453
0.0994597
0.116965
0.129545
0.0991169
0.106487
0.111709
0.115732
0.113257
0.105563
0.104489
0.126767
0.0967725
0.0981666
0.0896703
0.118265
0.115592
0.126274
0.110639
0.117552
0.109561
0.10506
0.107727
0.122281
0.117689
0.106469
0.103581
0.11762
0.111325
0.100286
0.0930504
0.10652
0.120598
0.114978
0.0945702
0.0983435
0.131872
0.112825
0.0862453
0.102822
0.0926552
0.103436
0.103626
0.126234
0.121104
0.0925625
0.107512
0.104514
0.103412
0.106739
0.121155
0.0931634
0.115217
0.103042
0.0937144
0.102243
0.104723
0.109674
0.108844
0.0992105
0.116273
0.113374
0.10308
0.137361
0.106783
0.103353
0.0957494
0.0985085
0.104672
0.0984625
0.107999
0.0833051
0.120637
0.0967858
0.115985
0.102108
0.117265
0.114586
0.109356
0.115687
0.103821
0.11782
0.109187
0.111884
0.126423
0.120322
0.109805
0.104634
0.0996815
0.0864863
0.0969756
0.112359
0.117583
0.0906752
0.084185
0.109497
0.098069
0.108299
0.101948
0.134678
0.121946
0.113375
0.109452
0.102521
0.106504
0.113707
0.129351
0.102766
0.0991602
0.102232
0.125446
0.0967528
0.0866128
0.108171
0.112191
0.105546
0.104896
0.113679
0.0959405
0.110087
0.104658
0.108842
0.102568
0.113866
0.118866
0.110269
0.116731
0.101514
0.101122
0.0993632
0.106268
0.113257
0.112213
0.109365
0.0920042
0.110815
0.11913
0.102549
0.117516
0.100397
0.0847082
0.0858222
0.113783
0.10793
0.0980204
0.0870442
0.0818135
0.0858537
0.112278
0.0883215
0.121934
0.123778
0.115539
0.100593
0.0907376
0.113835
0.114591
0.0922223
0.109076
0.121301
0.102593
0.108048
0.132998
0.1068
0.100832
0.105481
0.117016
0.111884
0.102342
0.124789
0.108957
0.117723
0.108072
0.116575
0.0887376
0.0995622
0.0810323
0.123142
0.108632
0.100125
0.128947
0.111481
0.0984098
0.0871374
0.0970455
0.120965
0.118552
0.106212
0.111769
0.110522
0.108313
0.122012
0.1015
0.112198
0.111636
0.0857392
0.11109
0.124569
0.114857
0.108199
0.104853
0.0892262
0.0920372
0.115759
0.109421
0.113353
0.112764
0.0903079
0.0826384
0.0875006
0.130494
0.119822
0.0966698
0.096605
0.105299
0.104722
0.115823
0.10668
0.093003
0.0963072
0.103585
0.108966
0.118843
0.0762466
0.11172
0.122244
0.0941101
0.113321
0.10358
0.0982038
0.0966162
0.122872
0.100093
0.11959
0.107634
0.108363
0.104145
0.0991999
0.104443
0.105557
0.129245
0.116824
0.0985205
0.105333
0.119131
0.123045
0.108465
0.102096
0.118239
0.0994819
0.108457
0.108829
0.107359
0.105739
0.121537
0.104201
0.0826595
0.0973132
0.104293
0.107143
0.106047
0.119407
0.110088
0.0861081
0.122127
0.121141
0.113029
0.104211
0.0971885
0.110809
0.122882
0.119491
0.0943478
0.103251
0.107096
0.0911496
0.0909382
0.106448
0.108
0.127595
0.0876394
0.118745
0.112225
0.0930643
0.122116
0.0950317
0.0864576
0.103204
0.0891307
0.100743
0.107759
0.106174
0.124034
0.101787
0.138124
0.118748
0.10457
0.114392
0.119835
0.0999876
0.106312
0.105943
0.108363
0.116914
0.0924147
0.106573
0.110378
0.108665
0.0973889
0.114712
0.108993
0.13043
0.108689
0.127719
0.097652
0.101089
0.113372
0.115214
0.0981055
0.114677
0.088883
0.102448
0.105322
0.119105
0.101944
0.108924
0.107093
0.117349
0.109689
0.106898
0.112271
0.109887
0.111664
0.116849
0.0975181
0.11822
0.102885
0.107055
0.101686
0.118672
0.089686
0.097085
0.0831391
0.114395
0.112168
0.103071
0.12087
0.107152
0.0924766
0.119049
0.109545
0.134407
0.110285
0.115919
0.110023
0.123209
0.11793
0.113708
0.0891366
0.105061
0.109571
0.130557
0.096798
0.101665
0.111841
0.115971
0.107913
0.107005
0.112836
0.113878
0.107498
0.109283
0.106302
0.100197
0.101528
0.0945091
0.0936017
0.105491
0.1076
0.0868488
0.110584
0.0991221
0.119502
0.116403
0.099234
0.0982784
0.0974376
0.109888
0.11286
0.0952577
0.11241
0.117708
0.121163
0.124428
0.100118
0.093221
0.11324
0.117085
0.0799152
0.103266
0.111371
0.121755
0.115319
0.0994087
0.101937
0.103847
0.100998
0.118714
0.111046
0.118493
0.107517
0.115236
0.0924687
0.0881291
0.109496
0.126914
0.124815
0.118898
0.108344
0.100447
0.12693
0.102168
0.104926
0.117137
0.0972482
0.136189
0.108881
0.111893
0.0894452
0.121613
0.0964286
0.112573
0.122812
0.112247
0.107859
0.0959769
0.106915
0.107336
0.106413
0.0955176
0.10898
0.116326
0.102305
0.0915096
0.0818485
0.11807
0.0993165
0.105336
0.0927598
0.104875
0.113645
0.106028
0.108661
0.11208
0.104645
0.114486
0.0936275
0.112915
0.0958247
0.115563
0.10161
0.116431
0.0943704
0.11317
0.109767
0.116872
0.0968255
0.104294
0.116783
0.125771
0.130739
0.11485
0.0978193
0.098112
0.124981
0.104817
0.122501
0.112391
0.083829
0.13353
0.0961561
0.109341
0.0997599
0.113304
0.109649
0.123504
0.103538
0.109002
0.0923131
0.102448
0.123289
0.124338
0.0981201
0.126028
0.12941
0.108196
0.0820418
0.119875
0.0937304
0.0973583
0.116247
0.0985308
0.0961709
0.0910071
0.110436
0.108378
0.11006
0.117369
0.110111
0.093001
0.106208
0.0994395
0.095143
0.116414
0.100935
0.115196
0.124749
0.094922
0.0857848
0.115535
0.0977292
0.117073
0.108346
0.113451
0.103885
0.108066
0.111422
0.0976471
0.12356
0.113119
0.118965
0.10537
0.0802726
0.0998605
0.105498
0.133877
0.114071
0.116303
0.118742
0.106624
0.0986528
0.095775
0.0877411
0.119968
0.102765
0.134582
0.111185
0.118171
0.0993202
0.102368
0.0902573
0.1235
0.115679
0.105893
0.0990723
0.102891
0.122739
0.111611
0.106409
0.119253
0.109757
0.100971
0.114896
0.0894364
0.0853082
0.104677
0.111424
0.129378
0.102503
0.0941239
0.0938777
0.111788
0.100996
0.0998896
0.0994651
0.126834
0.112709
0.0962013
0.118105
0.121942
0.0987612
0.105615
0.0969048
0.100365
0.104008
0.109762
0.110912
0.101343
0.0901372
0.136945
0.0896448
0.0953521
0.0930187
0.106253
0.107713
0.0955757
0.0924758
0.108257
0.103256
0.107687
0.102715
0.115262
0.0969836
0.0933988
0.106032
0.100214
0.11361
0.105499
0.1206
0.0997344
0.108265
0.109632
0.0954003
0.0926883
0.0951698
0.117796
0.107342
0.116072
0.103029
0.109515
0.106491
0.115293
0.107923
0.111226
0.123317
0.11297
0.107303
0.110337
0.118978
0.10585
0.127033
0.116732
0.0989695
0.116462
0.10236
0.111162
0.11298
0.109175
0.111265
0.0996967
0.112747
0.10822
0.124811
0.10977
0.114456
0.0841895
0.111286
0.107462
0.110811
0.0902672
0.107478
0.0971717
0.119797
0.107707
0.117634
0.0888285
0.0915114
0.0966174
0.122358
0.103232
0.103585
0.115798
0.115216
0.0985497
0.110666
0.110131
0.106194
0.109187
0.122298
0.102289
0.111545
0.104205
0.123405
0.121094
0.0981834
0.104
0.109609
0.0958957
0.0991061
0.100774
0.103785
0.130667
0.111607
0.118639
0.113204
0.0845834
0.113999
0.116677
0.093663
0.118318
0.09769
0.104641
0.103668
0.0880213
0.0915847
0.101238
0.114645
0.112009
0.0956991
0.113054
0.0916301
0.129722
0.100934
0.0878766
0.0995339
0.112526
0.0982872
0.131036
0.100332
0.0943253
0.0890888
0.10064
0.108702
0.113222
0.126575
0.121307
0.0873499
0.105465
0.102242
0.093228
0.111466
0.0887635
0.105027
0.10293
0.118105
0.108499
0.0981818
0.103838
0.1156
0.102385
0.1056
0.118695
0.123153
0.118839
0.106607
0.110247
0.113883
0.105934
0.105394
0.0939726
0.118454
0.116436
0.102794
0.114815
0.0946124
0.0987908
0.111539
0.119282
0.114722
0.109955
0.114031
0.119363
0.113589
0.0964165
0.11466
0.104107
0.125786
0.116242
0.108208
0.108108
0.108896
0.100764
0.10124
0.10509
0.109795
0.117598
0.103041
0.100749
0.103735
0.094841
0.0977985
0.127541
0.10268
0.115035
0.118904
0.0967246
0.0898034
0.11237
0.0999233
0.103864
0.120407
0.110058
0.115996
0.100698
0.0959656
0.108761
0.0911463
0.107215
0.0922307
0.0821563
0.0936976
0.108248
0.0998484
0.110466
0.148566
0.0928576
0.104326
0.0886031
0.115626
0.101971
0.111354
0.112043
0.0934053
0.098666
0.104346
0.133799
0.11579
0.0981453
0.0889324
0.127398
0.110518
0.104413
0.0894574
0.0987645
0.0909143
0.0988794
0.106515
0.109096
0.102346
0.113939
0.129097
0.104274
0.0978355
0.0964743
0.0928566
0.0901707
0.103569
0.116883
0.124889
0.103211
0.130395
0.0964908
0.11219
0.102832
0.125843
0.104946
0.119384
0.099189
0.117603
0.0926296
0.101436
0.082616
0.0877719
0.11101
0.110449
0.105192
0.115889
0.105392
0.0851531
0.10154
0.102108
0.0801285
0.108331
0.101534
0.105042
0.106803
0.12887
0.107829
0.0974744
0.102031
0.0971559
0.109182
0.128217
0.0959009
0.109908
0.0940223
0.110306
0.118723
0.098
0.10613
0.129659
0.109753
0.107358
0.111033
0.111064
0.110826
0.109402
0.111743
0.0817963
0.11441
0.0972354
0.106564
0.10692
0.0866831
0.121022
0.100168
0.110611
0.107075
0.0947062
0.130831
0.11754
0.0968969
0.113611
0.122367
0.108937
0.108067
0.0959595
0.129448
0.0871405
0.115519
0.0934964
0.0886601
0.111889
0.119167
0.106706
0.0955628
0.106762
0.0953109
0.103015
0.117566
0.124007
0.117392
0.103131
0.11333
0.107462
0.122348
0.110751
0.0974647
0.121316
0.10283
0.114699
0.102775
0.11599
0.11025
0.108228
0.113913
0.114394
0.13354
0.114029
0.125798
0.116724
0.123358
0.103995
0.0952928
0.0988014
0.118584
0.107686
0.112757
0.106628
0.10068
0.0949568
0.0914292
0.103864
0.113378
0.120509
0.115153
0.0851594
0.11798
0.113533
0.128744
0.0934412
0.106047
0.106997
0.0958525
0.0906684
0.102514
0.111722
0.106797
0.0831353
0.121965
0.106527
0.096836
0.109375
0.110877
0.108137
0.0911518
0.111636
0.0992704
0.10677
0.112
0.116571
0.106973
0.127054
0.121193
0.115658
0.0948942
0.107678
0.114549
0.116575
0.112465
0.0924328
0.0970816
0.114133
0.116138
0.120769
0.128298
0.0995189
0.0968943
0.0943446
0.0966614
0.115762
0.106371
0.122807
0.105274
0.107782
0.107469
0.131199
0.102835
0.102524
0.119787
0.111793
0.107159
0.114462
0.132158
0.107087
0.134263
0.111126
0.100015
0.124604
0.119186
0.114414
0.11589
0.0925581
0.102123
0.135724
0.109552
0.107469
0.100369
0.109587
0.0921933
0.0941132
0.0967175
0.109261
0.109365
0.132853
0.0971779
0.0983656
0.103198
0.0959256
0.0953581
0.101179
0.102799
0.10717
0.106852
0.103278
0.112947
0.108608
0.104731
0.090496
0.0906011
0.128319
0.0997184
0.10703
0.123071
0.101588
0.0865797
0.108734
0.0993892
0.118243
0.109829
0.103048
0.0970079
0.102661
0.0967198
0.115947
0.103817
0.0996695
0.108462
0.116215
0.113208
0.102156
0.10166
0.105523
0.0932586
0.119164
0.0930124
0.105993
0.114724
0.0993691
0.126879
0.121156
0.100987
0.122017
0.0873847
0.0992208
0.121119
0.109606
0.121567
0.137387
0.118252
0.109021
0.132539
0.121943
0.103736
0.124698
0.107701
0.0893747
0.0933028
0.100892
0.0958049
0.125474
0.126715
0.110306
0.102164
0.114688
0.125507
0.113767
0.0891601
0.100529
0.0997248
0.105519
0.102804
0.0932116
0.113705
0.0926858
0.10068
0.117792
0.103642
0.0980555
0.110051
0.104228
0.109097
0.114739
0.107308
0.0893297
0.114488
0.0944498
0.0889198
0.0966327
0.0991529
0.111545
0.114683
0.105893
0.12206
0.113324
0.0998264
0.103822
0.114667
0.111693
0.115631
0.108839
0.083869
0.127386
0.103801
0.119145
0.117501
0.119856
0.0944599
0.106849
0.119781
0.122958
0.112047
0.136672
0.105139
0.0946395
0.0959041
0.10103
0.107994
0.0963445
0.135126
0.107297
0.111438
0.110315
0.118152
0.122223
0.0850523
0.107837
0.0882194
0.125847
0.105506
0.107397
0.118499
0.101595
0.0987728
0.124118
0.107368
0.120423
0.109836
0.0905591
0.110386
0.0967893
0.106652
0.109564
0.10722
0.105524
0.0827104
0.107075
0.0941832
0.101184
0.100264
0.105522
0.0967397
0.119837
0.101204
0.100757
0.122992
0.134736
0.103159
0.115841
0.107338
0.0998362
0.104918
0.120344
0.115219
0.108151
0.114458
0.121607
0.113578
0.122072
0.112435
0.0835369
0.0963034
0.0951777
0.0972254
0.110706
0.096392
0.124153
0.112232
0.115442
0.116147
0.109973
0.0980927
0.0999736
0.100733
0.101534
0.101542
0.111535
0.126512
0.0936983
0.111895
0.103341
0.127281
0.0917498
0.0832552
0.118519
0.108953
0.0986237
0.0913939
0.0995904
0.106728
0.102889
0.0868574
0.135622
0.11873
0.119619
0.110592
0.101992
0.110878
0.112084
0.0986391
0.117604
0.106015
0.0959354
0.115554
0.107918
0.106084
0.124235
0.112898
0.0979362
0.107116
0.108036
0.0973177
0.113209
0.0919338
0.107255
0.106806
0.0714925
0.101401
0.117202
0.107398
0.135383
0.0942277
0.11176
0.109457
0.102862
0.124594
0.101721
0.114819
0.111446
0.118604
0.127142
0.110013
0.0861573
0.10442
0.102279
0.111232
0.105301
0.116639
0.116334
0.111548
0.10895
0.128725
0.0962728
0.129934
0.0965295
0.0930769
0.111995
0.115297
0.100064
0.117103
0.120469
0.097881
0.0968358
0.109038
0.10585
0.101001
0.123737
0.0945223
0.110921
0.105416
0.121764
0.111432
0.114801
0.116554
0.104451
0.10423
0.11416
0.113992
0.110626
0.104865
0.108575
0.120594
0.103814
0.0996598
0.111007
0.108408
0.125091
0.102434
0.101381
0.122127
0.104573
0.100951
0.12211
0.0968709
0.0911381
0.120677
0.0941785
0.110486
0.102755
0.098055
0.0976064
0.113402
0.11043
0.109295
0.121853
0.121451
0.101986
0.108511
0.11825
0.101319
0.11162
0.096585
0.0962758
0.111358
0.11421
0.0982195
0.101939
0.0968995
0.110499
0.0965792
0.0914385
0.10277
0.1
0.104767
0.125215
0.112331
0.12601
0.093593
0.102452
0.108526
0.0944941
0.0942273
0.0924546
0.100416
0.109945
0.109907
0.107868
0.112866
0.113204
0.106284
0.0868185
0.102485
0.0984479
0.118388
0.0863746
0.109412
0.0966423
0.112846
0.10709
0.097207
0.117815
0.105229
0.106733
0.107937
0.112304
0.140013
0.108388
0.109287
0.100355
0.0928751
0.0842028
0.121464
0.0957948
0.124017
0.103863
0.0933769
0.102828
0.0896885
0.11176
0.0987254
0.0828217
0.0955094
0.0998582
0.122149
0.113643
0.0915894
0.110959
0.128708
0.10758
0.089327
0.0897805
0.108524
0.125238
0.118661
0.118744
0.109131
0.111821
0.0850237
0.106118
0.107259
0.101412
0.101852
0.105865
0.117782
0.105794
0.0994644
0.121429
0.121056
0.125726
0.101594
0.120522
0.100034
0.0931123
0.103094
0.102893
0.126866
0.101533
0.103633
0.0935655
0.0981838
0.125363
0.115852
0.111462
0.123503
0.11679
0.117271
0.111729
0.113846
0.109835
0.092529
0.120808
0.0892926
0.112733
0.100842
0.0915813
0.0903968
0.105116
0.114927
0.109066
0.117956
0.0976866
0.100049
0.0990498
0.103191
0.111894
0.112246
0.123397
0.115011
0.10109
0.0892503
0.104962
0.108086
0.0892646
0.0957964
0.115937
0.098827
0.103265
0.1165
0.107803
0.10895
0.103603
0.124605
0.0933995
0.107748
0.0905853
0.130502
0.106596
0.0986539
0.103515
0.084983
0.0954963
0.103517
0.0930587
0.105334
0.0813646
0.129126
0.0955589
0.111169
0.102297
0.094718
0.116102
0.100493
0.116122
0.11756
0.109351
0.107331
0.116359
0.105686
0.11483
0.0909289
0.126536
0.0974318
0.0911338
0.112872
0.104406
0.102344
0.105686
0.095834
0.0931546
0.099015
0.0857024
0.0845215
0.116047
0.091631
0.109068
0.105559
0.105601
0.122533
0.123205
0.105478
0.0992842
0.10685
0.107407
0.0996292
0.116638
0.101692
0.103346
0.105669
0.105255
0.0992762
0.111132
0.104714
0.101152
0.109647
0.104586
0.0940387
0.103935
0.104102
0.127859
0.114099
0.142592
0.115721
0.0898674
0.106347
0.109855
0.105018
0.114194
0.108537
0.0931497
0.108148
0.0917372
0.0936151
0.107769
0.111841
0.114548
0.118748
0.118972
0.110433
0.118993
0.121402
0.115448
0.11792
0.105811
0.104348
0.107547
0.113933
0.103667
0.10213
0.109771
0.11616
0.109364
0.10371
0.104259
0.11583
0.126818
0.115785
0.107858
0.121164
0.112149
0.0931309
0.113396
0.123006
0.101194
0.140069
0.11791
0.102795
0.11292
0.114165
0.10154
0.107477
0.104477
0.122928
0.0922009
0.100932
0.100013
0.117833
0.0954202
0.0959611
0.106187
0.0926241
0.117755
0.108958
0.108725
0.102613
0.103463
0.106656
0.125204
0.0973449
0.116607
0.111078
0.116352
0.117945
0.103686
0.100463
0.101192
0.107491
0.0980386
0.112979
0.092943
0.115329
0.0919168
0.110733
0.105803
0.113929
0.0843613
0.0931229
0.0895333
0.102985
0.0958743
0.111779
0.0912819
0.10735
0.109134
0.101779
0.104485
0.110097
0.119576
0.0995825
0.105354
0.10736
0.0926122
0.0954484
0.113893
0.10085
0.128379
0.106406
0.120408
0.104821
0.0991034
0.089668
0.0843303
0.099021
0.114622
0.100509
0.0939895
0.112755
0.102636
0.119661
0.091718
0.112856
0.112014
0.126009
0.094729
0.0913643
0.116822
0.106423
0.0829007
0.0948751
0.0942291
0.103945
0.106923
0.108412
0.112797
0.133249
0.111345
0.112665
0.0979947
0.0920624
0.115024
0.12912
0.114648
0.118255
0.100135
0.104132
0.105448
0.105917
0.0991892
0.0986942
0.106498
0.101164
0.102183
0.109673
0.0975803
0.109206
0.108152
0.11067
0.0951219
0.107441
0.105344
0.0864341
0.108008
0.109919
0.100914
0.118706
0.106746
0.107149
0.1176
0.114078
0.107233
0.112756
0.124627
0.106645
0.113519
0.0997524
0.0886506
0.111032
0.118124
0.10797
0.0990925
0.0961333
0.0903049
0.117123
0.124522
0.0918362
0.103823
0.117742
0.100547
0.11005
0.093742
0.0850958
0.112414
0.0986682
0.120594
0.092945
0.105574
0.111025
0.107233
0.110367
0.099595
0.110419
0.0873541
0.105781
0.110724
0.113045
0.0999135
0.127784
0.104832
0.125779
0.104239
0.108063
0.111413
0.116071
0.114484
0.115068
0.110181
0.103339
0.11761
0.120647
0.0991795
0.106416
0.099689
0.106534
0.0973362
0.106095
0.0949737
0.118014
0.115812
0.113884
0.0990455
0.0872938
0.0986088
0.110245
0.117326
0.128711
0.0999659
0.105633
0.110458
0.103336
0.0845421
0.116608
0.127486
0.111987
0.101744
0.100711
0.107179
0.0935201
0.111994
0.102059
0.122439
0.11089
0.0925336
0.10762
0.119376
0.119264
0.108373
0.11866
0.104954
0.1108
0.109153
0.0916242
0.100866
0.120989
0.102452
0.11197
0.12072
0.123132
0.095279
0.087921
0.103009
0.0887335
0.102248
0.0910479
0.124295
0.10755
0.0967914
0.122232
0.109428
0.120399
0.0957891
0.114616
0.0867124
0.0995259
0.113298
0.113569
0.119143
0.124056
0.101908
0.114631
0.100168
0.097662
0.098463
0.0965068
0.112544
0.0896642
0.0964571
0.108667
0.110384
0.0971862
0.0980261
0.110219
0.09632
0.100794
0.101401
0.111241
0.11172
0.0935692
0.103274
0.112287
0.0998109
0.103189
0.107833
0.0984873
0.106713
0.101437
0.103625
0.10557
0.113908
0.13674
0.121123
0.0970549
0.102017
0.109472
0.113584
0.117542
0.118512
0.100923
0.0987372
0.113695
0.0941152
0.119706
0.118382
0.105547
0.115973
0.103774
0.11269
0.0979317
0.114169
0.111447
0.105176
0.116905
0.0942234
0.128642
0.0998732
0.0931177
0.0972095
0.0918197
0.116266
0.0930668
0.11055
0.117031
0.0948312
0.102082
0.0980861
0.0891909
0.116472
0.110506
0.096657
0.102268
0.0968559
0.0944744
0.113734
0.110289
0.123528
0.118842
0.101367
0.09696
0.108818
0.100117
0.108005
0.102779
0.113986
0.106674
0.104356
0.0969122
0.113835
0.1062
0.106295
0.103818
0.104869
0.109981
0.105316
0.106433
0.110412
0.113789
0.120664
0.102133
0.110169
0.110733
0.0918097
0.119251
0.119037
0.101914
0.0857729
0.0980136
0.0952188
0.118006
0.118413
0.103287
0.104958
0.115803
0.0946571
0.0995051
0.118302
0.118311
0.106752
0.114494
0.105289
0.111701
0.117964
0.110022
0.118461
0.100824
0.102698
0.121065
0.103822
0.113017
0.109393
0.106954
0.113243
0.111698
0.100845
0.118402
0.0973953
0.108777
0.096507
0.11793
0.122325
0.126876
0.109365
0.0949614
0.0896235
0.117034
0.110096
0.110393
0.118442
0.110835
0.113142
0.108237
0.0941899
0.0936643
0.113037
0.117635
0.111735
0.110795
0.105798
0.0778271
0.0852796
0.114916
0.099574
0.101797
0.121488
0.101267
0.128353
0.0990653
0.0935483
0.112235
0.0856577
0.105345
0.10275
0.0936316
0.116088
0.087036
0.0959639
0.111589
0.107661
0.0981802
0.108595
0.103164
0.11244
0.121915
0.114634
0.114706
0.107071
0.0921607
0.117596
0.0887631
0.0886786
0.103213
0.121026
0.113247
0.0981016
0.108486
0.0779648
0.101957
0.0959775
0.106389
0.109426
0.116094
0.117245
0.116538
0.114861
0.108189
0.124122
0.102929
0.108226
0.108218
0.112202
0.111778
0.122815
0.110414
0.110235
0.0920598
0.093799
0.116215
0.0916151
0.123261
0.106635
0.105629
0.10147
0.116273
0.122342
0.0999661
0.110458
0.121436
0.119941
0.121704
0.108919
0.103148
0.0961888
0.103325
0.0958544
0.109528
0.093889
0.106926
0.106775
0.12596
0.096125
0.11014
0.097579
0.111966
0.111178
0.0927244
0.0898095
0.0820758
0.0974147
0.0962879
0.120631
0.101953
0.114082
0.0967889
0.112301
0.110625
0.112414
0.119524
0.0991757
0.1073
0.110513
0.088802
0.0902628
0.103268
0.111103
0.109493
0.0934159
0.100251
0.0890642
0.0947589
0.0951016
0.106787
0.0998656
0.11064
0.102791
0.103619
0.0934242
0.107045
0.100526
0.0920736
0.12945
0.0972839
0.0996744
0.0864313
0.130924
0.110675
0.102864
0.111186
0.0795231
0.101347
0.110806
0.10483
0.110471
0.123712
0.110461
0.135028
0.102147
0.119694
0.110296
0.0980447
0.104923
0.0872014
0.0867083
0.107888
0.0965794
0.107205
0.100696
0.105576
0.123096
0.113931
0.100448
0.113885
0.101655
0.101374
0.126604
0.109722
0.106432
0.0927669
0.097929
0.110432
0.0876455
0.096528
0.117241
0.103024
0.0963404
0.0980521
0.105692
0.110551
0.107434
0.130501
0.0958943
0.116678
0.0953324
0.0973642
0.0948151
0.0947273
0.109498
0.10676
0.105367
0.112892
0.13021
0.0982476
0.124124
0.119446
0.109082
0.102161
0.0974759
0.123386
0.085727
0.116691
0.113038
0.1079
0.10829
0.114246
0.104653
0.0972852
0.110631
0.109622
0.113161
0.102808
0.115473
0.114213
0.0916527
0.111332
0.100147
0.116216
0.105173
0.109508
0.11125
0.115545
0.0898575
0.106963
0.0856574
0.105706
0.135921
0.0954069
0.108982
0.0964001
0.0984006
0.0980488
0.102088
0.121372
0.109019
0.121499
0.0996674
0.101447
0.0996038
0.126573
0.108674
0.109901
0.104317
0.100938
0.109927
0.114287
0.106772
0.104289
0.113973
0.0811357
0.106534
0.104773
0.126295
0.105016
0.118461
0.119393
0.0870261
0.0975195
0.0978342
0.100939
0.0960205
0.113629
0.0934904
0.111226
0.108235
0.110978
0.119965
0.121464
0.113359
0.0883542
0.105442
0.103178
0.0778429
0.109267
0.109127
0.134613
0.104966
0.101033
0.0987811
0.08968
0.115155
0.0810977
0.0997572
0.123384
0.135369
0.116634
0.0985459
0.095796
0.113429
0.0979869
0.110501
0.110871
0.108334
0.0984611
0.0942036
0.100898
0.106841
0.116912
0.0864736
0.128925
0.105982
0.0739424
0.109034
0.106015
0.122199
0.0994677
0.0935184
0.0920825
0.100167
0.111178
0.114273
0.0806039
0.104326
0.110956
0.10903
0.110831
0.102413
0.114535
0.107967
0.122835
0.117277
0.109634
0.115956
0.106363
0.0978487
0.101952
0.109314
0.119005
0.102965
0.126634
0.101761
0.135817
0.121089
0.101191
0.106678
0.103441
0.100853
0.10486
0.0999638
0.105753
0.0978654
0.118086
0.112539
0.0830015
0.112384
0.100045
0.109811
0.118426
0.110523
0.0863376
0.0926718
0.130484
0.124401
0.0935739
0.0831979
0.110232
0.118939
0.0886345
0.102017
0.105855
0.0987445
0.111855
0.111715
0.0957069
0.0979323
0.116169
0.0981132
0.105804
0.0886736
0.114022
0.114619
0.0899164
0.0951028
0.103565
0.111438
0.106374
0.0915849
0.115044
0.0918439
0.108547
0.109222
0.0969282
0.0974709
0.0948151
0.0977881
0.11073
0.10874
0.101796
0.112279
0.100199
0.111382
0.122603
0.103857
0.101451
0.106946
0.104689
0.115349
0.111745
0.10477
0.10498
0.114641
0.0948479
0.117604
0.108466
0.110011
0.0995323
0.107839
0.0931472
0.110611
0.111608
0.112567
0.106223
0.100584
0.111637
0.114177
0.117923
0.0966401
0.103344
0.089878
0.117897
0.0982186
0.12227
0.106903
0.124997
0.0980213
0.115197
0.10247
0.105634
0.0996987
0.0907402
0.11148
0.121322
0.0929232
0.101625
0.117425
0.115539
0.121675
0.11701
0.105886
0.112595
0.106958
0.115825
0.0945384
0.116224
0.113352
0.110074
0.0955272
0.0957247
0.0951804
0.107533
0.122884
0.101017
0.101946
0.118905
0.101101
0.104208
0.0963303
0.12337
0.0967057
0.102324
0.11322
0.112583
0.0975117
0.105439
0.0894595
0.100513
0.140614
0.116432
0.116234
0.106797
0.0978918
0.0935411
0.104995
0.123528
0.110959
0.119689
0.123131
0.109005
0.103427
0.104325
0.0992473
0.100663
0.0977863
0.13647
0.10945
0.100988
0.11594
0.0798984
0.0976066
0.103501
0.117554
0.113131
0.110596
0.111383
0.0941791
0.109573
0.109368
0.093867
0.0944747
0.0986315
0.112603
0.102127
0.120058
0.0871795
0.10446
0.113105
0.103968
0.104674
0.0826269
0.100861
0.0991934
0.0938259
0.108057
0.112781
0.116514
0.109525
0.11742
0.116723
0.091112
0.112872
0.103559
0.102963
0.0999507
0.113986
0.0976666
0.104168
0.0829447
0.122244
0.103629
0.100537
0.103994
0.120069
0.0996203
0.118447
0.105515
0.127108
0.111892
0.116898
0.105835
0.113523
0.128223
0.0911837
0.107969
0.0904359
0.0896789
0.10436
0.113511
0.0946377
0.11159
0.116106
0.0858924
0.110406
0.0946969
0.129554
0.106701
0.104307
0.0994996
0.118133
0.109323
0.0979064
0.115261
0.110028
0.11336
0.10304
0.103513
0.0915757
0.0959269
0.105821
0.105001
0.0946959
0.102662
0.0970291
0.101889
0.125186
0.116484
0.108011
0.0938937
0.101923
0.10625
0.101792
0.108042
0.114801
0.0900069
0.107553
0.0940901
0.122837
0.0994683
0.103814
0.0995355
0.104951
0.101534
0.115428
0.0973015
0.118278
0.115865
0.123695
0.108585
0.113245
0.111692
0.113842
0.105131
0.115637
0.110871
0.12002
0.121091
0.123309
0.122892
0.104658
0.117058
0.109972
0.109033
0.118572
0.113519
0.0879278
0.115743
0.0975091
0.102953
0.0940723
0.127599
0.119501
0.11324
0.10224
0.113471
0.0993645
0.116196
0.11807
0.10485
0.102119
0.0825007
0.0971312
0.0942947
0.117918
0.112373
0.117921
0.0982832
0.122005
0.0863629
0.131853
0.104521
0.116833
0.106513
0.102374
0.109324
0.102315
0.0927474
0.106559
0.0995511
0.11194
0.122882
0.0873824
0.110273
0.125899
0.101682
0.102412
0.0903391
0.0972799
0.105621
0.0931287
0.115238
0.104362
0.0987064
0.114953
0.11375
0.0917659
0.113226
0.104318
0.0991878
0.0874369
0.119748
0.0998375
0.0880692
0.103852
0.111716
0.113834
0.117484
0.107006
0.133361
0.102911
0.092947
0.117044
0.0876482
0.125021
0.107373
0.0942174
0.100934
0.104948
0.109148
0.100642
0.115445
0.109909
0.109871
0.11597
0.111489
0.111464
0.109181
0.0976648
0.111833
0.127308
0.108519
0.119647
0.0979724
0.100383
0.103534
0.106072
0.090616
0.0934825
0.105304
0.122756
0.112803
0.103048
0.11261
0.100845
0.0900148
0.103431
0.116892
0.107309
0.106296
0.0977382
0.110131
0.0912874
0.094367
0.123352
0.095434
0.109652
0.105426
0.100757
0.116393
0.0953336
0.101371
0.105743
0.0890948
0.118447
0.121132
0.100487
0.102815
0.089739
0.11632
0.11454
0.100725
0.111298
0.10496
0.112766
0.104708
0.128698
0.104981
0.0867544
0.122408
0.0911521
0.0967909
0.117412
0.104661
0.117511
0.0921362
0.0920819
0.112789
0.0931885
0.101114
0.121161
0.105874
0.135368
0.11092
0.117719
0.0956184
0.0930398
0.113151
0.112562
0.0991388
0.0968576
0.0961884
0.0992583
0.0901548
0.0979981
0.0943566
0.101371
0.102839
0.117826
0.0972058
0.08668
0.117839
0.115892
0.0962789
0.0989958
0.106471
0.105193
0.0908748
0.107938
0.0938027
0.127201
0.107794
0.0984932
0.0991094
0.10479
0.0878344
0.0939697
0.0939652
0.0959775
0.101312
0.109966
0.106929
0.102922
0.117293
0.111253
0.0977418
0.126018
0.0984583
0.123779
0.099874
0.101443
0.118744
0.101448
0.105648
0.107011
0.109275
0.0917268
0.103157
0.125577
0.12055
0.0949643
0.136679
0.123098
0.0830951
0.0831888
0.131807
0.108827
0.0903613
0.107902
